"closed","widespread","open"
0.221536526809395,0.474880323533074,0.303583149657531
0.186460791120737,0.312866691132589,0.500672517746674
0.163611125775873,0.301305759637128,0.535083114586999
0.146595155952541,0.291616404358834,0.561788439688625
0.136894027719583,0.282261962745208,0.58084400953521
0.101728239962613,0.224252334913758,0.67401942512363
0.0999180163064265,0.221231223976672,0.678850759716902
0.081202037897538,0.184282596289086,0.734515365813377
0.0708958662230673,0.172242090763308,0.756862043013625
0.0705647898984094,0.171544748233107,0.757890461868484
0.0744549680129917,0.175161640953384,0.750383391033624
0.0778286381413333,0.177218287053944,0.744953074804723
0.0895687641311307,0.183718229838255,0.726713006030614
0.10034694490453,0.187887128069098,0.711765927026372
0.118016463669773,0.194341618832716,0.687641917497511
0.208859054688515,0.191349953962555,0.599790991348929
0.235737882251869,0.209054730124533,0.555207387623598
0.241009556846927,0.209066804838088,0.549923638314985
0.242150372356134,0.208291629762065,0.549557997881802
0.223458207540275,0.209003047737553,0.567538744722173
0.226967947056401,0.206533620350859,0.56649843259274
0.342009265870513,0.39980761113945,0.258183122990037
0.163651683669139,0.18848552801298,0.647862788317881
0.0744661917086306,0.0937538441078659,0.831779964183503
0.276475705083526,0.302211253892672,0.421313041023803
0.25781516238739,0.214759032827913,0.527425804784697
0.272069420111897,0.216867530274324,0.511063049613779
0.273087554487046,0.217271867126398,0.509640578386556
0.228797971065708,0.244755060799854,0.526446968134438
0.224966144691245,0.246199893912478,0.528833961396276
0.214609541454832,0.248019740913366,0.537370717631801
0.101773537314233,0.121470901348931,0.776755561336835
0.0383934908091734,0.0565126038213347,0.905093905369492
0.00213630291943022,0.00642815453787048,0.991435542542699
0.0020678035308896,0.0060148990842497,0.991917297384861
0.119500235771483,0.143118256433924,0.737381507794593
0.0871506121578198,0.182638024894653,0.730211362947527
0.0165837928973276,0.1188811299643,0.864535077138373
0.0585474030137162,0.162159121372021,0.779293475614263
0.0679044914698658,0.169412732005206,0.762682776524928
0.041431486805705,0.147374889790215,0.81119362340408
0.0701737312734108,0.170491110584761,0.759335158141828
0.0673040455100183,0.16794791173758,0.764748042752402
0.0649931890022943,0.160828531641624,0.774178279356082
0.0674183734865584,0.0770404245949547,0.855541201918487
0.0425540405925166,0.067245366924945,0.890200592482538
0.0175261216151629,0.0374672880202065,0.945006590364631
0.0155692662406696,0.0325001010015861,0.951930632757744
0.00698359057889009,0.0143521083630251,0.978664301058085
0.000338443484110529,0.00188258706108896,0.9977789694548
0.000100490625800246,0.000861304953381612,0.999038204420818
8.52817316756909e-05,0.000713349200545111,0.999201369067779
0.0001437214657473,0.00119513381639059,0.998661144717862
0.00030161530809144,0.00144672675764527,0.998251657934263
2.05299390709764e-05,0.000511937163756452,0.999467532897172
7.8682731569756e-06,0.000305119957702129,0.999687011769141
0.000395828316572187,0.0020057753147243,0.997598396368703
0.0070598238116917,0.0133426421936726,0.979597533994635
0.000749679933141586,0.00342297577707691,0.995827344289781
0.000118898330011686,0.00127351735184875,0.998607584318139
0.0102404547699138,0.0177782343104817,0.971981310919604
0.0587279231164326,0.09612095082763,0.845151126055937
0.101950763990494,0.111913241206292,0.786135994803214
0.193575209561159,0.199387899927779,0.607036890511062
0.179981656555444,0.209989001250284,0.610029342194272
0.409663605909359,0.576337625509437,0.0139987685812041
0.014796027466152,0.0538229303877721,0.931381042146076
0.00556402119716047,0.0214321014979134,0.973003877304926
0.0254365673585162,0.082759452389563,0.891803980251921
0.0625010370365466,0.16368513824025,0.773813824723203
0.0662003840915981,0.15753157100288,0.776268044905521
0.00257532814100721,0.0702129806912681,0.927211691167725
0.0839799084937152,0.0922700271422387,0.823750064364046
0.0810760667955577,0.0865808975728837,0.832343035631558
0.0745356990107259,0.0806810874467641,0.84478321354251
0.0663755212077703,0.0727965357819581,0.860827943010271
0.0638188180926563,0.0747834823252793,0.861397699582064
0.0273836527858737,0.0381230182308769,0.934493328983249
0.00123188246068849,0.00625811955554806,0.992509997983763
0.0623737887106845,0.069932531407181,0.867693679882134
0.0839354346074132,0.102840314845453,0.813224250547134
0.00741730835924143,0.0175247608336699,0.975057930807089
0.0951258455677358,0.114649693599538,0.790224460832726
0.431931454380431,0.562252603617331,0.00581594200223781
0.107826891182813,0.221722842755205,0.670450266061982
0.119473783286467,0.22799914338506,0.652527073328473
0.371610323405809,0.418845613236698,0.209544063357494
0.0957620831473703,0.195334115428294,0.708903801424335
0.125717962391774,0.216937399617529,0.657344637990696
0.0840688879053635,0.183145466946611,0.732785645148025
0.0474534076119616,0.055656216815819,0.89689037557222
0.053980468738754,0.0649925308519076,0.881027000409338
0.0144714580800155,0.0229958082878549,0.96253273363213
0.00184211390115999,0.00549612334307381,0.992661762755766
0.00137017882717681,0.0040601358273341,0.994569685345489
0.00048197036182982,0.00248366371622233,0.997034365921948
0.00317536262281845,0.00864953552953659,0.988175101847645
0.161778165862822,0.183735776206585,0.654486057930592
0.160325491212243,0.18527977144707,0.654394737340687
0.0275214192795153,0.0354516124127981,0.937026968307687
0.0211476798282473,0.0314989866994535,0.947353333472299
0.00952323888648468,0.0167319336109493,0.973744827502566
0.00374029714296843,0.00876761073800343,0.987492092119028
0.0493149864146366,0.073420946002458,0.877264067582905
0.00736818463755393,0.0161797400858205,0.976452075276626
0.0771217913702449,0.177990053302929,0.744888155326826
0.0727574398917867,0.173118694998279,0.754123865109934
0.05618829185402,0.161372164124201,0.782439544021779
0.0547971357703046,0.158898612342601,0.786304251887095
0.0539863696649391,0.15974579093509,0.786267839399971
0.0542502229650973,0.159925188947725,0.785824588087177
0.0507619832541023,0.146680761614068,0.80255725513183
0.0598523092268895,0.16281769556384,0.77732999520927
0.00371713553453242,0.00850122157738259,0.987781642888085
0.00357674856846718,0.00797572506474642,0.988447526366786
0.00341356941555778,0.00743085631106876,0.989155574273373
0.00294334700040639,0.00661758523811306,0.99043906776148
0.00371395762288228,0.00943881388231561,0.986847228494802
0.00475719799280748,0.00946236447343502,0.985780437533757
0.00606079562604558,0.012498427588456,0.981440776785498
0.0120980756832249,0.0309434618110004,0.956958462505775
0.00204840331746041,0.00697957421488341,0.990972022467656
0.0191759001975245,0.0386551323320599,0.942168967470416
0.00307402100124969,0.00687923394024375,0.990046745058507
0.00386156255366778,0.00882933507220722,0.987309102374125
0.00864747026902725,0.0167657873807398,0.974586742350233
0.00234285365669699,0.00611920039140241,0.991537945951901
0.00208801157216089,0.00542735837217181,0.992484630055667
0.00722003917484281,0.158846572937423,0.833933387887735
0.00421019297093501,0.00902548558691243,0.986764321442152
0.000876151532363364,0.00300693269298411,0.996116915774652
0.000815013929265138,0.00284542103221294,0.996339565038522
0.000761923196677586,0.00276919942762206,0.9964688773757
0.00087766679507509,0.0032167008132287,0.995905632391696
0.00205865897865164,0.0058197393495788,0.99212160167177
0.110762380319991,0.231567815658144,0.657669804021864
0.0799613413266343,0.17757431470919,0.742464343964175
0.030062191113511,0.0405898011297659,0.929348007756723
0.0197551568830053,0.0280020002794107,0.952242842837584
0.00791096676663082,0.0141621329495271,0.977926900283842
0.000220592980244927,0.00160391404849098,0.998175492971264
0.000208429111387442,0.00143176368654739,0.998359807202065
0.000107475863581567,0.00117179334618111,0.998720730790237
0.00431668358919643,0.011677955808606,0.984005360602197
0.0463969194625174,0.0604384269349829,0.8931646536025
0.0472591000562616,0.0623879663970805,0.890352933546658
0.0954409871175404,0.116999750271302,0.787559262611158
0.0976058668065741,0.123329168084694,0.779064965108732
0.0655796494257406,0.165414859900781,0.769005490673478
0.135715077456272,0.205136853232837,0.659148069310891
0.0787744718816276,0.178428818785652,0.74279670933272
0.0663567284048243,0.166177414481007,0.767465857114169
0.0252286452262814,0.131201377047458,0.84356997772626
0.0657113912225851,0.166722957343332,0.767565651434083
0.0559098058576006,0.160192108119324,0.783898086023075
0.0460867170698127,0.152035253224138,0.801878029706049
0.149432491043351,0.295632496089921,0.554935012866728
0.1088098851244,0.221020893667333,0.670169221208268
0.0934559514323659,0.19798370511925,0.708560343448384
0.0445015623819848,0.119916794448375,0.83558164316964
0.0407243161572356,0.0959033931917154,0.863372290651049
0.073943361618105,0.139332172583181,0.786724465798714
0.00314661870405879,0.0337971630754328,0.963056218220508
0.0320197205082406,0.0869196918791473,0.881060587612612
0.014494112000871,0.0684922313145347,0.917013656684594
0.0394075476467619,0.115802314790732,0.844790137562506
0.0108541116381421,0.0795698182854298,0.909576070076428
0.0102183746093235,0.0780424946742476,0.911739130716429
0.211817040554471,0.323554834440146,0.464628125005382
0.217223840181003,0.326477323309959,0.456298836509037
0.394487341304234,0.419953192907052,0.185559465788714
0.418424924182495,0.435181830771319,0.146393245046187
0.419495223719029,0.437934129705651,0.14257064657532
0.474922782927142,0.470241545772825,0.054835671300033
0.084588774888412,0.185258337806591,0.730152887304997
0.0703576829877572,0.169501767185173,0.760140549827069
0.0648296069558547,0.162282225649232,0.772888167394914
0.0605021384066581,0.147401566336997,0.792096295256345
0.0421185847601484,0.119086879220723,0.838794536019129
0.0634952854896682,0.165921842503748,0.770582872006584
0.0617650504088931,0.163927362882826,0.77430758670828
0.0689279736058159,0.165030584938358,0.766041441455826
0.00555968034199762,0.0936926070216351,0.900747712636367
0.0292810185931041,0.1245329451074,0.846186036299496
0.0293958257764352,0.124059971925259,0.846544202298306
0.0288831316001179,0.23759818526938,0.733518683130502
0.0845113682904986,0.155934406571787,0.759554225137714
0.0804565810588431,0.153315653425528,0.766227765515629
0.0805320463869904,0.158410005100423,0.761057948512587
0.0635613164465078,0.140503620400961,0.795935063152531
