"closed","widespread","open"
0.0859387308332129,0.0674067385353247,0.846654530631462
0.113865022820564,0.0419267789717991,0.844208198207637
0.127615539077084,0.0485658005311305,0.823818660391786
0.448697520930951,0.204461011908372,0.346841467160677
0.666317077061781,0.303756804227502,0.0299261187107168
0.677397257765703,0.305765133921263,0.0168376083130341
0.668563769619248,0.305276093715128,0.0261601366656242
0.667869361342177,0.305183669457254,0.0269469692005683
0.624791735633956,0.295927565786905,0.0792806985791386
0.596286904259606,0.289759224771025,0.113953870969368
0.576826451902928,0.281702624923542,0.14147092317353
0.568945753918304,0.278390081901133,0.152664164180563
0.572866615367561,0.279517777015704,0.147615607616735
0.571209720691256,0.27914311736049,0.149647161948254
0.594650872036104,0.290413415008397,0.114935712955499
0.59574668638112,0.290687725144131,0.113565588474749
0.596487521624218,0.291018970976278,0.112493507399503
0.519738281841171,0.25429091849863,0.225970799660199
0.5202639159464,0.254149147491691,0.225586936561909
0.481193079159209,0.236926934100221,0.28187998674057
0.578417763556481,0.282189068849576,0.139393167593944
0.591704995476271,0.288916392951611,0.119378611572117
0.594962646579813,0.290518823895263,0.114518529524924
0.57772815588995,0.282088881083518,0.140182963026532
0.597373275730579,0.290349702209476,0.112277022059945
0.599095424194769,0.291283015708514,0.109621560096718
0.600497909922159,0.292389972910601,0.107112117167241
0.601174015403355,0.2926829251673,0.106143059429345
0.601050883108301,0.291632197348765,0.107316919542935
0.599688910613438,0.291470528682339,0.108840560704223
0.598694375845124,0.291274920564404,0.110030703590472
0.59798117792756,0.29116420625372,0.11085461581872
0.655140764477205,0.272534503518955,0.0723247320038404
0.636992434852434,0.302344932957796,0.0606626321897699
0.598705403675791,0.291617080687373,0.109677515636837
0.600508674581324,0.292467070602373,0.107024254816303
0.600438212175791,0.291632543651981,0.107929244172228
0.595149948831314,0.290484148193025,0.114365902975662
0.512390991282,0.335369626601157,0.152239382116843
0.674558511167928,0.307011912240506,0.0184295765915658
0.675935676075997,0.307785416417924,0.0162789075060787
0.675738731034636,0.308083939244472,0.0161773297208923
0.672273851104735,0.307694801637998,0.0200313472572678
0.668831683337844,0.307770529871344,0.0233977867908122
0.66573790880298,0.304643553659852,0.0296185375371676
0.597059139248704,0.290572738498942,0.112368122252354
0.596917747060074,0.29086455219518,0.112217700744745
0.59715913046533,0.290984240440895,0.111856629093774
0.597326761302205,0.291125043955075,0.111548194742721
0.598075370263142,0.29168414113026,0.110240488606598
0.597934628666959,0.291644129218215,0.110421242114826
0.597723708527176,0.29133138607397,0.110944905398853
0.597835488405001,0.291399258590412,0.110765253004587
0.574380809767327,0.281238207432003,0.14438098280067
0.681022056964979,0.307327022109349,0.0116509209256725
0.682100275017869,0.308141176102842,0.00975854887928871
0.682886394836976,0.30884850918719,0.00826509597583406
0.682824726770439,0.308947549960029,0.00822772326953258
0.681009408898672,0.308807226502723,0.0101833645986055
0.676529160081766,0.30812717489963,0.0153436650186041
0.669629651078792,0.307122622081625,0.0232477268395837
0.666387226002448,0.306076166622231,0.0275366073753211
0.661870499753163,0.305675547583206,0.0324539526636312
0.663033431014372,0.305958739182871,0.0310078298027575
0.680812668615774,0.307865806664083,0.0113215247201427
0.679666434323799,0.308555151773998,0.0117784139022034
0.673287327295433,0.307608386904106,0.0191042858004613
0.666851644710367,0.306280778906357,0.0268675763832756
0.663226068453231,0.30561717298423,0.0311567585625397
0.678056410070514,0.305964250851313,0.0159793390781732
0.678449600233816,0.306022946197195,0.0155274535689888
0.679280018481523,0.306496578832729,0.0142234026857477
0.670663605227769,0.303367581502279,0.0259688132699518
0.671907786868944,0.303349517763323,0.0247426953677324
0.676001157699964,0.30596401952762,0.0180348227724159
0.660883637198273,0.303886652454781,0.0352297103469456
0.660772639289252,0.30388667274271,0.0353406879680375
0.658678112973505,0.30423961221552,0.0370822748109751
0.677270414667901,0.308261825139461,0.0144677601926385
0.67483152857447,0.308800075556387,0.0163683958691435
0.682093922651623,0.308357783497398,0.00954829385097897
0.681908620595414,0.308737402159099,0.00935397724548771
0.681121943857655,0.310195347423101,0.00868270871924396
0.680502527429306,0.310355481342507,0.00914199122818645
0.680505843338008,0.309094802080748,0.0103993545812439
0.677008995132343,0.307348284966343,0.0156427199013139
0.676373181737193,0.307948660236967,0.0156781580258401
0.129179228478597,0.049694133270221,0.821126638251182
0.135013088687671,0.0527970472599843,0.812189864052345
0.178350685132922,0.0756745077979875,0.74597480706909
0.484048971111241,0.218898940911162,0.297052087977597
0.594978452636605,0.271441647188606,0.133579900174789
0.623948250302527,0.284547711910384,0.0915040377870892
0.5076532262288,0.249655405641062,0.242691368130138
0.120529738007249,0.0455730438476254,0.833897218145126
0.121317840892801,0.046208568655558,0.832473590451641
0.125014374626829,0.048361287782089,0.826624337591083
0.226029942166078,0.0977659008420948,0.676204156991827
0.599898101824807,0.291957339637347,0.108144558537846
0.601176143247687,0.291827350044811,0.106996506707502
0.60109705926745,0.291815265464023,0.107087675268527
0.600779039621442,0.291801043097169,0.10741991728139
0.600928118265551,0.29188880562079,0.107183076113659
0.602030984143867,0.29220348211486,0.105765533741272
0.115178003731992,0.0453957781099867,0.839426218158021
0.0287288877869028,0.0078662096022189,0.963404902610878
0.0223573500724408,0.0048824797843571,0.972760170143202
0.161819769643899,0.06859888211148,0.769581348244621
0.607964935474285,0.293608419914572,0.0984266446111433
0.614428460617875,0.294779516276686,0.0907920231054391
0.614603434153711,0.295009106021322,0.0903874598249669
0.61322996229036,0.293742406159779,0.0930276315498601
0.615633670545141,0.295120579179243,0.0892457502756164
0.661905803743929,0.307495864391966,0.0305983318641048
0.107998337976085,0.0413518913884462,0.850649770635469
0.108413012912032,0.0427967592783213,0.848790227809647
0.594692142067414,0.289594560978455,0.115713296954131
0.596610476150534,0.290718900772034,0.112670623077432
0.596843609782166,0.289515438848976,0.113640951368857
0.595880344163704,0.290086798392507,0.114032857443789
0.598288504158905,0.291393174802525,0.110318321038571
0.103675687760401,0.0412852326141311,0.855039079625469
0.042712757492566,0.0146555083689037,0.94263173413853
0.0271750196776555,0.00728646651732351,0.965538513805021
