"closed","widespread","open"
0.0626084055624232,0.735826500696333,0.201565093741244
0.10823356359722,0.831142883791991,0.0606235526107896
0.0809080546147719,0.849658101124377,0.0694338442608509
0.0655427746057061,0.86907207941949,0.0653851459748036
0.896472711780923,0.0998054126013683,0.00372187561770848
0.0130898485632152,0.939753945159731,0.0471562062770538
0.00379469271608049,0.989082644562237,0.00712266272168245
0.000232280746172083,0.997604971537901,0.00216274771592721
0.00112219740721453,0.996383348733702,0.00249445385908334
0.000342696527549801,0.997271943940898,0.00238535953155176
0.000406136223062232,0.99747670913353,0.00211715464340755
0.00361452434172919,0.994320741443789,0.00206473421448148
0.00128245363149401,0.997182924670717,0.00153462169778945
0.00125700239214271,0.997252906620278,0.00149009098757899
0.00469096608598857,0.992796788445597,0.00251224546841481
0.000148282398733388,0.998803286026295,0.00104843157497149
7.55658116060781e-05,0.998944450671585,0.000979983516808682
0.00318192908058792,0.990282368188157,0.00653570273125549
0.0418713488389348,0.937709524324184,0.020419126836881
0.190013294106871,0.785694072089977,0.0242926338031518
0.317257234773133,0.614748977060046,0.0679937881668214
0.292132913000898,0.641083187480711,0.0667838995183909
0.0521594855719102,0.933595403189227,0.0142451112388628
0.0046250121577437,0.993653212614512,0.00172177522774437
0.798434317352742,0.182409042027278,0.0191566406199796
0.994686472153106,0.00530871569535369,4.81215154028877e-06
0.00299147696399178,0.994147285734518,0.00286123730149005
0.00198628729374499,0.994688048930289,0.00332566377596622
0.0170583052332409,0.972977150379256,0.00996454438750308
0.00026740677111561,0.998318877931325,0.00141371529755945
0.629231469481078,0.357746496169178,0.0130220343497443
0.000285043485146201,0.997645656944264,0.00206929957059025
0.00093491523378565,0.997496600660561,0.00156848410565296
0.000777488769404703,0.997188830686046,0.00203368054454962
0.0266009127450605,0.943724205202499,0.0296748820524402
0.00682994311816375,0.990899967620888,0.00227008926094818
0.0017994114395776,0.997106629234511,0.00109395932591176
0.00436439239333548,0.988995995258925,0.00663961234773938
0.00164315182065776,0.995782200910082,0.00257464726926038
0.00288503115370726,0.995032300190834,0.00208266865545862
0.00695257810827486,0.989562499610945,0.00348492228078007
0.0317135540219863,0.960554870631301,0.00773157534671316
0.00242042147213591,0.994489371800974,0.00309020672689024
0.00953457246773294,0.983175480454451,0.00728994707781627
0.119391229749001,0.865835620348948,0.0147731499020503
0.570761402297448,0.40887506725117,0.0203635304513825
0.15215970574012,0.835469309186359,0.0123709850735209
0.00875783617147104,0.98589483566929,0.00534732815923931
0.024382082030468,0.968978518859463,0.0066393991100689
0.769637628213431,0.222186098054333,0.00817627373223633
0.0165154774751008,0.945885115348052,0.0375994071768476
0.0796023251600505,0.884009873370021,0.036387801469928
0.0476541389064675,0.89218775488419,0.0601581062093421
0.000148863887277436,0.942642381014947,0.0572087550977759
1.48196125089361e-05,0.948283229407836,0.0517019509796553
0.000345494592832244,0.939825544455133,0.0598289609520344
0.00481018149899679,0.847117150813617,0.148072667687386
0.0314548990058557,0.793006071258147,0.175539029735997
0.159320939975701,0.726908087539564,0.113770972484735
0.119996622370625,0.752798715166515,0.12720466246286
0.0677048183386437,0.797009242263826,0.13528593939753
0.0575701654319943,0.879631178162047,0.062798656405959
0.0488949115351207,0.925340978418878,0.025764110046001
0.0476303071549684,0.939402630454312,0.0129670623907193
0.354225797915558,0.624350187442534,0.0214240146419076
0.0509247388922923,0.935999156956644,0.0130761041510635
0.1786098719453,0.796996154589617,0.0243939734650834
0.165280175924265,0.762962702430632,0.0717571216451031
0.075952706555819,0.790153765635973,0.133893527808208
0.0579290431595054,0.795817374372908,0.146253582467587
0.00327680173489014,0.823256655707938,0.173466542557172
0.00855797666413323,0.883388080649033,0.108053942686834
0.00722010231208348,0.862992509902393,0.129787387785523
0.0695933108277345,0.833009989561233,0.0973966996110328
0.0831292046794545,0.878757088321166,0.0381137069993797
0.134020085362366,0.852910895851071,0.0130690187865626
0.284785128288267,0.710739403095342,0.00447546861639057
0.00149852344717062,0.845530967383653,0.152970509169176
0.0060204015637127,0.899100090602282,0.094879507834005
0.00142728793868454,0.904222751468513,0.0943499605928022
0.0264238320522743,0.751973953785816,0.22160221416191
0.00331820300879125,0.939305545457264,0.0573762515339449
0.00551611673767295,0.938316739589037,0.0561671436732898
7.36203971027662e-05,0.953263534345942,0.0466628452569552
0.000238565205355026,0.957724707345095,0.0420367274495503
0.000961169744753624,0.907183394519428,0.0918554357358181
0.000291044170216327,0.716730752560133,0.282978203269651
0.00395935252430821,0.894287724882562,0.10175292259313
0.703099072093372,0.270225277646178,0.0266756502604503
0.042325259830614,0.836258277550526,0.12141646261886
0.0851167514694438,0.810846754399716,0.10403649413084
0.0512284286610063,0.877144439586304,0.07162713175269
0.0112059026797769,0.933238145554361,0.0555559517658625
0.0128152024386392,0.938385768012965,0.0487990295483962
0.111485807612752,0.826062072551185,0.0624521198360624
0.0555011768383434,0.901999861973635,0.0424989611880216
0.00508628178729264,0.944790417533292,0.0501233006794152
0.750948869577612,0.219246737338041,0.0298043930843462
0.738674498369845,0.250070799505276,0.0112547021248787
0.928604811109503,0.069727676953517,0.00166751193697987
0.740759847549488,0.249391582311812,0.00984857013869926
0.0150726444871895,0.862161405342143,0.122765950170667
0.00750777288221797,0.90356089584698,0.0889313312708022
0.000222893181377123,0.933087002821644,0.066690103996979
0.00060594144572268,0.926222424898575,0.0731716336557026
0.0795292419822574,0.786790970821314,0.133679787196429
0.0159101799566792,0.889347943202438,0.0947418768408827
0.0341753919919728,0.747174238261389,0.218650369746638
0.0177778761157856,0.89282428698813,0.0893978368960848
0.028537481613231,0.875522908678273,0.0959396097084957
0.0490326560040229,0.89176027877519,0.0592070652207872
0.106841522430251,0.839715906916311,0.0534425706534383
0.000659047643038294,0.903910033606875,0.0954309187500866
0.00157731316105503,0.897089552508178,0.101333134330767
0.00285876683038884,0.862481875646237,0.134659357523374
0.0065248647833322,0.978651859076133,0.0148232761405351
0.01372928327421,0.862968100695828,0.123302616029962
0.013296631544262,0.826190546891704,0.160512821564034
0.0305951112092257,0.827709574938658,0.141695313852116
0.0239212561330511,0.779692963486312,0.196385780380637
0.0315864365028785,0.824140401028216,0.144273162468906
0.000578811418816462,0.881512538794649,0.117908649786535
0.00102997961170527,0.882320313652394,0.116649706735901
0.239080616414248,0.729241955265581,0.031677428320171
0.291146197658232,0.69520721500613,0.0136465873356372
0.0938873955329889,0.796634673566234,0.109477930900778
0.236578480511082,0.675012153809179,0.088409365679739
0.601035568183903,0.367892932092844,0.0310714997232531
0.54169886274569,0.427689339968821,0.0306117972854886
0.555089985836159,0.421634387982651,0.0232756261811904
0.000597527360084351,0.907360945029795,0.0920415276101206
0.0164945569519518,0.837671074552874,0.145834368495175
0.0836737731446291,0.784600486372726,0.131725740482645
0.0832585514506977,0.800038907818637,0.116702540730666
2.24817977859965e-05,0.999120134756721,0.000857383445492701
0.000613166821095651,0.906469892549867,0.092916940629037
0.000202288768906488,0.97151528797264,0.0282824232584531
0.00159716060599577,0.921763058397806,0.0766397809961987
0.00971946064144523,0.911400151661175,0.0788803876973798
2.91404655067682e-05,0.967240993686446,0.0327298658480467
9.36364937628636e-05,0.956317336537652,0.0435890269685856
0.00161295193302043,0.877302404826824,0.121084643240156
2.38873185676185e-05,0.966200363074064,0.0337757496073684
3.7964556476441e-06,0.967536378169246,0.0324598253751067
1.18045448129103e-05,0.957784941433809,0.0422032540213777
7.14485758289371e-05,0.85876081253708,0.141167738887091
7.29892890199429e-06,0.942892258451591,0.0571004426195069
2.60819264954035e-06,0.931394084643714,0.0686033071636364
8.88209193575129e-06,0.965094932554928,0.034896185353136
0.000277533847773896,0.953698379367821,0.0460240867844053
0.000595640617185688,0.925688270678273,0.0737160887045417
0.000238714103579246,0.970439890958908,0.0293213949375126
0.00306522672268892,0.985563703889121,0.0113710693881901
0.0396187838812526,0.888365762252605,0.0720154538661425
0.274410801860157,0.674929284530593,0.0506599136092499
5.33564331712831e-06,0.992214191635946,0.0077804727207366
0.000212283570691692,0.990425459409726,0.00936225701958202
0.000999894921571775,0.97481371987407,0.0241863852043581
0.000248560967035462,0.933749181157284,0.0660022578756811
0.00387117147380198,0.900226840055529,0.0959019884706694
0.0114760439149419,0.835104601550189,0.153419354534869
0.000853190824396337,0.517560322880427,0.481586486295177
3.21835652063656e-07,0.0314207851454591,0.968578893018889
0.906219407876428,0.0929961785445034,0.00078441357906838
0.00303911222151187,0.977901491017951,0.019059396760537
0.0636238115023236,0.865873110820682,0.0705030776769948
0.209185151767384,0.735395642900183,0.0554192053324333
0.000773771625670123,0.930332941925944,0.0688932864483858
2.4560362070658e-05,0.919109845720372,0.0808655939175572
5.35033287789544e-05,0.917422031173819,0.0825244654974022
0.000313452917455383,0.924241137645172,0.075445409437373
3.13381136343376e-05,0.895896404429216,0.10407225745715
0.00965230748014515,0.976447152111252,0.0139005404086032
0.0248178288278264,0.863597563001398,0.111584608170775
0.746402135448363,0.222884312716992,0.0307135518346454
0.737888978501463,0.243222783310384,0.0188882381881528
0.738651628426929,0.245327418433547,0.0160209531395246
0.770676257525042,0.212044864207249,0.0172788782677089
0.937900069754707,0.0600482425031493,0.00205168774214373
0.854712632994241,0.131865230769845,0.0134221362359139
0.015116605099438,0.901772799156035,0.0831105957445266
0.0127085035702119,0.934632285470191,0.0526592109595972
0.884224763882607,0.106618323312721,0.00915691280467198
0.0114916868288305,0.936949328085755,0.0515589850854143
0.00113266065352531,0.984342725138287,0.0145246142081881
0.000858096590095167,0.98718557271156,0.0119563306983446
3.09757415641504e-05,0.999771647169801,0.000197377088634545
2.33848911407167e-06,0.999840788131228,0.000156873379657859
6.8501196902595e-05,0.999017860282385,0.000913638520712865
5.24370667209124e-05,0.999415668543183,0.000531894390096067
0.463733097687625,0.445446375140112,0.0908205271722638
0.740584158756603,0.24609849296369,0.0133173482797075
0.441550749772861,0.541909607475392,0.0165396427517475
0.44368564396862,0.542779080327835,0.0135352757035449
0.570387046067612,0.419840874399057,0.00977207953333087
0.276789150409557,0.698220991386806,0.024989858203637
0.00161665766038518,0.909017673548155,0.0893656687914595
0.0024140409742456,0.909153497525148,0.0884324615006064
0.0693498201874982,0.800801232282135,0.129848947530367
0.0876353556673911,0.777029478355962,0.135335165976647
0.043847845884712,0.761210917458898,0.19494123665639
0.00215355700688958,0.909346754779556,0.0884996882135541
0.0333369934452916,0.863036674554045,0.103626332000664
1.273706559393e-05,0.944017421497115,0.0559698414372914
5.65268310809185e-05,0.936367059438734,0.0635764137301848
0.0106910931762452,0.84157306648791,0.147735840335845
0.000369767270233365,0.824228802284002,0.175401430445765
0.000124080637525839,0.770545666896943,0.229330252465531
0.00566477175267266,0.901083029256665,0.0932521989906622
0.0103446790583297,0.786785885066198,0.202869435875473
0.0328809494642607,0.818080171209799,0.14903887932594
0.000474474683925794,0.933259747046254,0.06626577826982
2.05098126802723e-05,0.95098008092348,0.0489994092638398
0.000434061007727451,0.944154587893597,0.055411351098676
0.00130695391758045,0.917307639699398,0.0813854063830216
0.000534187559179072,0.952236971187706,0.0472288412531145
0.00248347272554776,0.960228358070096,0.0372881692043558
0.00407299654491102,0.921369742481374,0.0745572609737144
0.553712973126531,0.402347837993388,0.0439391888800811
0.0376529940521592,0.857010997460804,0.105336008487036
0.00162179686431346,0.916552850116028,0.0818253530196581
0.0450745869806911,0.83699124057723,0.117934172442079
3.96170225257139e-06,0.995335269138441,0.0046607691593061
1.55020100894695e-05,0.995155375544045,0.00482912244586506
0.0152323501687594,0.956623435662525,0.0281442141687159
0.0562671034212117,0.903068848214575,0.0406640483642134
0.761878898235615,0.235817379069433,0.00230372269495158
0.651888771491992,0.342571093358554,0.00554013514945346
0.000898285448176917,0.986759485645894,0.0123422289059294
0.00351517817350764,0.967199688575526,0.0292851332509665
5.8073666256934e-05,0.990257357621266,0.00968456871247681
9.27124446327067e-07,0.99547285700445,0.00452621587110335
0.000236142939759996,0.993298764963863,0.00646509209637728
0.000400963266773795,0.980354710855497,0.019244325877729
0.000250989540752207,0.904379364350171,0.0953696461090766
0.0149427878121153,0.983279775704742,0.00177743648314303
8.35354711845334e-05,0.987170570665309,0.0127458938635067
1.98391889517347e-05,0.995531953655527,0.00444820715552127
6.76200451979689e-06,0.998919368083535,0.00107386991194507
0.000931482487885855,0.997558968512888,0.00150954899922597
0.000624250338562602,0.998706427751518,0.00066932190991965
0.00371215008222064,0.994440192913918,0.0018476570038615
0.0737531196919952,0.925393701906586,0.00085317840141825
7.52188131142097e-05,0.99888811543256,0.00103666575432599
0.00237302497549229,0.991511891624178,0.00611508340032932
0.00873547694211219,0.988001895693729,0.00326262736415914
0.00158649277290667,0.989387809624111,0.0090256976029826
1.04949982037209e-05,0.995579799425314,0.00440970557648218
3.41266936941764e-06,0.996652634706668,0.00334395262396296
0.000246233778433456,0.990364181841613,0.00938958437995327
0.000456630556556469,0.955486035004177,0.0440573344392662
0.000875896605192993,0.933035620379204,0.0660884830156031
0.00637358459904681,0.937342940282708,0.0562834751182454
0.0235487487312381,0.957808662130715,0.0186425891380468
0.000244099566168664,0.988142162494488,0.0116137379393436
0.00149127273116154,0.997776574708391,0.000732152560447991
2.91574254677615e-05,0.989120915139035,0.0108499274354974
0.000197710192492777,0.991389020436873,0.0084132693706337
0.0127224094649363,0.977108346329475,0.0101692442055888
5.83577398485089e-05,0.971592337641161,0.0283493046189905
2.85030099673379e-05,0.988852277006511,0.0111192199835216
0.000377141060927888,0.997084686617376,0.00253817232169652
9.95403292651249e-07,0.998861734558514,0.00113727003819353
1.14018752605572e-05,0.99741992887795,0.00256866924678963
0.00127107457857825,0.996154386505684,0.00257453891573791
0.000797193589737933,0.998589998304847,0.000612808105415076
0.00078814485399793,0.998712275403414,0.000499579742588247
0.0997534045259753,0.899911416182028,0.000335179291997061
0.937991319520349,0.0620066148431858,2.06563646555905e-06
1.52250990981375e-05,0.992871951766844,0.00711282313405785
8.4095057149341e-05,0.99047675686766,0.00943914807519048
1.02206113669967e-05,0.964379193264615,0.0356105861240176
1.32092169850803e-09,0.00512782945693453,0.994872169222144
0.00113341365133076,0.987825812621606,0.0110407737270629
5.88379084397295e-05,0.989681066064088,0.0102600960274723
0.000629435406287333,0.998314411895044,0.00105615269866835
1.59448077431612e-05,0.999371254030013,0.000612801162244155
0.00104514564924379,0.998280148296053,0.000674706054703693
0.000217552224166955,0.999002450501599,0.000779997274234492
4.49711319464588e-05,0.999900723328614,5.43055394393284e-05
0.000136225245002816,0.999723569022761,0.000140205732235808
0.000735265756796338,0.998050000028371,0.00121473421483248
0.0494420472539604,0.949709248490508,0.000848704255531087
0.000591804807493098,0.977341215021712,0.0220669801707949
0.00166313331211733,0.981340215977799,0.0169966507100833
0.000938470484211892,0.983634211693595,0.0154273178221929
0.291633912013103,0.697183349456322,0.0111827385305744
0.002094475285973,0.986356170062644,0.0115493546513832
0.000862686286729712,0.989658981223514,0.00947833248975585
0.0362905419853153,0.961014392478865,0.00269506553581989
0.151290429189147,0.847070038023273,0.00163953278757937
0.235099203515957,0.733705528810642,0.0311952676734017
0.570148740005596,0.426908254042081,0.002943005952323
0.000178364045636055,0.956804965226984,0.0430166707273798
7.13166037031362e-05,0.980666071487293,0.0192626119090036
0.000263891392889763,0.988828110249758,0.0109079983573523
0.00098043237722173,0.984652843838625,0.014366723784153
0.000767782134723964,0.924985306024591,0.0742469118406851
0.00158953763830062,0.891252333731151,0.107158128630548
0.0149094262308097,0.953876811934918,0.0312137618342725
0.000372985213505422,0.86713686641967,0.132490148366824
0.0828315732296272,0.819342425109574,0.0978260016607989
0.0796821028467861,0.840428617552918,0.0798892796002962
0.00294140243105442,0.987184949177622,0.00987364839132326
0.000347146454652204,0.992504869278764,0.00714798426658347
1.64328209477024e-05,0.998424001208805,0.00155956597024731
1.90009324180456e-06,0.998473263951676,0.00152483595508259
1.37261222839139e-05,0.99757908497765,0.00240718890006644
0.000782354947326706,0.990801733729116,0.00841591132355773
0.0459160869242137,0.918956042711997,0.035127870363789
0.05764397278564,0.911478441004144,0.0308775862102157
9.75156041280113e-05,0.943974042155523,0.0559284422403488
0.0660065682692179,0.916733285403945,0.0172601463268366
0.000745032185168377,0.998249200378512,0.00100576743631929
0.00181106599697204,0.996106922144679,0.00208201185834936
0.0195164707671876,0.797043076521414,0.183440452711399
0.000290176711101342,0.998905289884724,0.000804533404174171
8.40290012375215e-05,0.998530283474685,0.00138568752407708
0.000286786510356613,0.997083230830896,0.00262998265874743
6.19963530247772e-05,0.997358105368377,0.00257989827859829
7.09344765468552e-05,0.979324013800353,0.0206050517230997
0.000199798835245683,0.99164222742629,0.00815797373846377
0.000578302856614022,0.895256267442245,0.104165429701141
0.00365365953479795,0.965817491216833,0.0305288492483692
0.00382969374231179,0.970042240957726,0.0261280652999619
0.0164722056695589,0.934283589441824,0.0492442048886168
3.81258900361953e-05,0.971822515588902,0.0281393585210623
0.002485357946777,0.863383996894274,0.134130645158949
1.42341759333581e-05,0.987987783435958,0.011997982388109
0.0235946245341295,0.910780245855996,0.0656251296098745
0.00019012059716025,0.992245938250907,0.00756394115193304
1.21177084846632e-05,0.991558317754552,0.00842956453696294
1.01793029756777e-05,0.991562017148584,0.00842780354844058
4.92365758452069e-06,0.991219755056362,0.00877532128605359
7.42379656811743e-06,0.980685109778072,0.0193074664253594
4.08543895032012e-05,0.968082357919379,0.0318767876911174
0.0143957618345513,0.950953168176022,0.0346510699894272
0.00176602773720667,0.986059181536924,0.0121747907258694
0.959229616458958,0.0407549913517461,1.53921892958738e-05
4.800729519116e-05,0.988031716547449,0.0119202761573593
4.61504610321497e-05,0.990226285427249,0.00972756411171936
0.00320485153999804,0.989247024808982,0.00754812365102008
0.000358724211014926,0.994695349007818,0.00494592678116702
0.000180690301710785,0.992145984659014,0.00767332503927522
5.64014510994413e-05,0.992902985284431,0.00704061326446985
0.098679381103308,0.887055220051119,0.0142653988455728
0.163853754654301,0.81486134301116,0.0212849023345391
0.217976759559729,0.77007872778316,0.0119445126571103
0.205755680523743,0.714806376174197,0.0794379433020599
0.171316519436636,0.716271333441889,0.112412147121475
0.0180898412728731,0.796760317796664,0.185149840930463
0.014225363517495,0.907816098143436,0.0779585383390687
0.00391800778480608,0.974923976613373,0.0211580156018208
0.00331746619703595,0.978910141457392,0.0177723923455722
0.00463009510327581,0.967041104538348,0.0283288003583764
0.361166745872459,0.615590602556664,0.0232426515708763
0.0535382907785031,0.801873617212921,0.144588092008576
0.0816196672930819,0.809355533580601,0.109024799126317
0.0900228693587827,0.811731512159551,0.098245618481666
0.836326954696417,0.151853797619958,0.0118192476836254
0.862405850237252,0.124670430165106,0.0129237195976428
0.835639768656616,0.155550093464819,0.00881013787856507
0.908214912713373,0.0813879619927932,0.0103971252938335
0.918360669119296,0.0724462816527644,0.00919304922794017
0.919934917720794,0.0730528205763125,0.00701226170289353
0.922271161566883,0.0725899384771252,0.00513889995599115
0.92820052668085,0.068595690731813,0.0032037825873367
0.928509842387284,0.0685834745847363,0.0029066830279799
0.953610435863171,0.0435114420557358,0.00287812208109323
0.981094681347526,0.0182024602765286,0.000702858375945441
0.974537439466487,0.0235944659749429,0.00186809455857029
0.975484220436108,0.0230056379403089,0.00151014162358336
0.983616565280185,0.0154624529401485,0.000920981779666737
0.0316599204708783,0.874949428860766,0.0933906506683554
0.0146535914115559,0.883539431909102,0.101806976679342
0.00272426743383839,0.90578422894156,0.0914915036246012
0.0607348263010969,0.917007183595453,0.0222579901034502
0.0615948631554369,0.917219871785588,0.0211852650589757
0.145924659990286,0.839954279016945,0.0141210609927693
0.0923428776583916,0.888163832211074,0.019493290130534
9.47096215059513e-05,0.947104882587973,0.0528004077905209
0.00108862119398679,0.928905154550598,0.070006224255415
0.00500602526933333,0.924942827334437,0.07005114739623
0.959661941284555,0.0370597457849933,0.00327831293045196
3.24764965241493e-05,0.987702795908163,0.0122647275953132
5.34266498545297e-07,0.991064017595661,0.00893544813784006
0.000137809202413924,0.983024103807681,0.0168380869899047
0.00190214446112023,0.914636455593971,0.0834613999449091
0.00176370942855923,0.932174160742939,0.0660621298285013
0.51062879519285,0.455765247314234,0.0336059574929161
0.46230113057312,0.494085029342951,0.0436138400839298
0.581579650572011,0.372776421519864,0.0456439279081253
0.59371814135493,0.385903450203876,0.0203784084411939
0.645595755328127,0.344435051356806,0.00996919331506694
0.00218347465271102,0.929515972964485,0.0683005523828044
0.0102854482497431,0.913014255583894,0.0767002961663628
0.0494186097825973,0.841139667593307,0.109441722624096
0.00423948030050504,0.865907479085252,0.129853040614243
0.00251957286417589,0.873470481992875,0.124009945142949
0.000649685944978703,0.90730761963431,0.0920426944207117
0.000663043987517477,0.938428602161221,0.0609083538512613
0.000520560054219612,0.949432588499105,0.050046851446675
0.000798080669899035,0.968759874861473,0.0304420444686283
0.00132584694830184,0.963591881001879,0.0350822720498194
0.0115878561897271,0.829866129685164,0.158546014125109
0.0486377893578178,0.896857279287109,0.0545049313550729
0.0052398899306797,0.9469891241209,0.0477709859484203
0.0741746404065768,0.91793303585084,0.00789232374258289
0.264069923647066,0.651399328145169,0.0845307482077656
0.675306120111645,0.303574566567501,0.0211193133208535
0.000645533256491861,0.928263560425986,0.0710909063175226
0.00395079662905494,0.858284305091657,0.137764898279288
0.00128008116163099,0.955685202728247,0.0430347161101221
0.00353769790817098,0.985737071862901,0.0107252302289276
0.00088369640456112,0.960988997070292,0.0381273065251471
0.000112146653036735,0.964532692031006,0.035355161315957
0.000215387413996569,0.957879033784058,0.0419055788019459
2.73506928200105e-05,0.966641649400971,0.0333309999062089
0.000310885250256575,0.974106851107417,0.0255822636423265
7.99743157125388e-05,0.968316567069966,0.0316034586143217
0.000111050913110882,0.905529282910377,0.0943596661765124
8.99689761982737e-05,0.98119133399024,0.0187186970335614
0.00107562893570601,0.985263690022126,0.0136606810421682
6.83116342278184e-05,0.990854643326058,0.00907704503971388
0.00131038097393302,0.912736634109809,0.0859529849162584
0.0246781197781689,0.938607622435668,0.0367142577861635
0.032102685098594,0.873782871321572,0.0941144435798342
0.000410611565981484,0.968435722389561,0.0311536660444574
7.82631345176249e-05,0.971385938458735,0.0285357984067475
0.00146364994945183,0.956400268119858,0.0421360819306906
0.00195840836906165,0.90742724868517,0.090614342945768
0.0245990917117004,0.861484852398865,0.113916055889435
0.000214439530101152,0.97621563235225,0.0235699281176487
6.66578538283359e-05,0.988788361711498,0.011144980434674
6.76652204182431e-06,0.986427450283116,0.0135657831948423
0.000886736674699875,0.986727722315561,0.0123855410097392
0.0866033534740857,0.801091294529993,0.112305351995921
0.025539827077679,0.887775049240739,0.0866851236815823
0.0952076966765865,0.784679744425698,0.120112558897716
0.0223463345638477,0.841702905481108,0.135950759955044
0.258075894216489,0.666487066658525,0.0754370391249856
0.0895125238517544,0.812889101114562,0.0975983750336836
0.0933458674432618,0.816271644885122,0.0903824876716162
0.871029164086098,0.123188902348766,0.00578193356513613
0.871991276187729,0.122782550423001,0.00522617338926997
0.970141772469273,0.0289545455376742,0.000903681993052738
0.000857022699922936,0.934521024075721,0.0646219532243564
0.000437319520655029,0.944059453988656,0.0555032264906886
0.0935145702414439,0.904739644495417,0.00174578526313871
0.00045215558073288,0.937741732437501,0.0618061119817663
0.0406035746073181,0.828164403399896,0.131232021992786
0.404230025405533,0.521659946721499,0.074110027872968
0.653198982873464,0.309135522008139,0.0376654951183967
0.882797324481688,0.114873757587468,0.00232891793084396
0.074272204597175,0.791437070380312,0.134290725022513
0.265158859032668,0.663401478417425,0.0714396625499065
0.0281277805240918,0.828019647508546,0.143852571967362
0.183363385615985,0.75802198409182,0.0586146302921945
0.0635297261194413,0.799094225809086,0.137376048071473
0.00248366645794551,0.955233365801694,0.0422829677403604
0.280207787593199,0.650431956501678,0.0693602559051222
0.00104012467826295,0.925844543593258,0.0731153317284791
0.0133122718019362,0.886840599977279,0.0998471282207844
0.0297495359071503,0.820082994900611,0.150167469192239
0.108923431851671,0.788524516235517,0.102552051912812
0.247400699473176,0.722140591540573,0.0304587089862508
0.0781842319216156,0.801491391784573,0.120324376293812
0.163114091406503,0.733454627792695,0.103431280800802
0.027535962802424,0.79516586760472,0.177298169592856
0.0711022527219817,0.811408016107446,0.117489731170573
0.0180569147829159,0.925644842877261,0.0562982423398231
0.0153763373207014,0.938029028117306,0.0465946345619924
0.0572381875593724,0.900892154015718,0.04186965842491
0.00269904993290022,0.89946273635776,0.0978382137093396
0.00438995090529486,0.89840952100437,0.0972005280903357
0.192640210034558,0.782546035570895,0.0248137543945471
0.00474774499247571,0.966658659828591,0.0285935951789335
0.0553009771478915,0.821918044794414,0.122780978057695
0.292134139297364,0.674095517557366,0.0337703431452709
0.00412452966674657,0.869681239762659,0.126194230570595
0.00819372766965931,0.893881318302555,0.0979249540277857
0.0065138784774339,0.920828735750809,0.072657385771757
0.00182488145070102,0.945281590450716,0.052893528098583
0.311487400068763,0.630574015727634,0.057938584203603
1.79436914606632e-05,0.988356725027281,0.0116253312812582
0.00171833676615149,0.971406317943082,0.026875345290766
0.000675204417270721,0.964269586914611,0.0350552086681181
0.0312076570757485,0.876035788239666,0.0927565546845859
0.0178433772033567,0.949824313486834,0.032332309309809
0.120516994426939,0.846114268067212,0.0333687375058489
1.3056067787349e-05,0.99024422452878,0.00974271940343317
0.000585233355583364,0.979147133876158,0.0202676327682583
0.00091459006760491,0.985221858679465,0.0138635512529302
0.000539473371093802,0.991776533992379,0.00768399263652707
0.000712449974994654,0.991446696229733,0.00784085379527196
0.00281486586280795,0.98167570725094,0.0155094268862517
0.0260622193376031,0.957992574220153,0.0159452064422435
0.0128312017585803,0.984497076026119,0.00267172221530114
0.0885576656252611,0.87603437759058,0.0354079567841593
0.00130149368869262,0.980310944180023,0.0183875621312841
0.013931306892504,0.910068441956079,0.0760002511514169
0.00951275155056368,0.921558960745896,0.0689282877035399
0.0935974883163665,0.878084563597515,0.0283179480861189
0.00313557531467271,0.91600245639396,0.0808619682913672
0.00275053880637113,0.902920863421905,0.0943285977717234
0.0324640558512107,0.851647074692416,0.115888869456373
0.0133276863603452,0.940784036592107,0.0458882770475481
0.0145913124537821,0.937883674159845,0.047525013386373
0.0153920946611274,0.88344260187774,0.101165303461133
0.8909967479834,0.10007568487976,0.00892756713683919
0.00571709711852925,0.96350536506407,0.0307775378174009
0.0549583161167595,0.864074553422017,0.0809671304612236
0.16070910362711,0.794357265495543,0.0449336308773467
0.175051308706261,0.755799339255184,0.0691493520385543
0.172668207411289,0.786678665011088,0.0406531275776233
0.686278871878814,0.28777223528857,0.025948892832616
0.00576335269723499,0.974688501160435,0.0195481461423299
0.00648168395981397,0.969370928310196,0.0241473877299898
0.0134211157695306,0.921145793937109,0.0654330902933601
0.0454947226241126,0.853485189694156,0.101020087681732
0.0770236743450473,0.827610447071801,0.0953658785831517
0.00513961913099658,0.978491913207378,0.0163684676616255
0.615331529191066,0.341882472123411,0.0427859986855232
0.659003911189522,0.311226744658559,0.0297693441519192
0.206304265587403,0.722266780980772,0.0714289534318246
0.788413777639004,0.192683471761445,0.0189027505995511
0.55844860852113,0.398754220585498,0.0427971708933724
0.918747025642336,0.0768619936869205,0.00439098067074327
0.0409543774353055,0.888527637661851,0.0705179849028436
0.257233109755395,0.728909059298691,0.0138578309459143
0.00339855346614715,0.967323466361899,0.0292779801719537
0.00345710544823045,0.967768234279931,0.0287746602718387
0.0156614049340384,0.894286533344805,0.090052061721157
7.38886202415308e-05,0.966640988663279,0.0332851227164796
0.000715546020834548,0.93883624986937,0.0604482041097953
0.00768265535404445,0.907030127750754,0.0852872168952011
0.00702823622645882,0.851673993602753,0.141297770170789
0.037986160356783,0.839658939010157,0.122354900633059
0.0263964703743132,0.890281958450954,0.0833215711747332
0.0080326410834223,0.953637169788877,0.0383301891277003
0.046403128393544,0.847907576473721,0.105689295132736
0.0197150805073307,0.946288322877235,0.0339965966154344
6.67100078696455e-05,0.976995474160436,0.0229378158316946
1.59941083220347e-05,0.985713300678521,0.0142707052131568
1.17771238095281e-05,0.984308673646191,0.0156795492299999
0.000672375963083414,0.916296069906449,0.0830315541304677
0.00614337099828323,0.905682039039942,0.0881745899617748
0.000523797562901951,0.897356165587424,0.102120036849674
0.00245568040174463,0.870919981617011,0.126624337981245
0.0565298173612011,0.823263904357653,0.120206278281146
0.0486745358743258,0.825643514658416,0.125681949467258
0.00188218829881354,0.933468001286701,0.0646498104144859
0.576114737185338,0.392509092512752,0.03137617030191
0.000622931663036637,0.954080957854465,0.0452961104824987
0.000965134659505692,0.950413849963669,0.0486210153768253
0.000169870340842748,0.972839362290824,0.0269907673683331
0.0640445107701714,0.812031592836351,0.123923896393477
0.591853958669489,0.376880806546928,0.0312652347835833
0.000854701071408485,0.951192174103106,0.0479531248254851
0.00238505366316834,0.950915203649144,0.0466997426876878
0.00294281943891749,0.924400311982762,0.0726568685783205
0.000254485325622313,0.921709327074311,0.0780361876000668
0.000100763278215885,0.95909322664379,0.0408060100779942
0.0369457706218458,0.879062432361793,0.0839917970163612
0.00588563372851435,0.897597550617546,0.0965168156539392
0.188822311794045,0.737408033502798,0.0737696547031574
0.00557577821991503,0.912165738587875,0.0822584831922104
0.000823793623202086,0.921695490021129,0.0774807163556692
0.00222960169812526,0.914903126087183,0.0828672722146919
0.000493954217030224,0.904360673256579,0.0951453725263903
2.47189941029187e-05,0.880412420738771,0.119562860267126
0.541173889854888,0.420689196058047,0.0381369140870653
0.0028808043564931,0.946426920532153,0.0506922751113541
0.00383168610016407,0.950843160501526,0.0453251533983094
0.368574793637368,0.601513193044852,0.0299120133177801
0.000222953908824467,0.976849864011841,0.0229271820793349
0.0744365149856986,0.795528090586588,0.130035394427713
0.0581493521573374,0.832339992247195,0.109510655595468
0.865349381677241,0.12259435497346,0.0120562633492991
0.879856389023195,0.116433371283531,0.00371023969327455
0.882711864545899,0.114891295805333,0.00239683964876765
0.0630050323617343,0.829123305697367,0.107871661940899
0.0252230757182497,0.795914973079967,0.178861951201784
0.0780634367798908,0.746553668230973,0.175382894989136
0.269202389943058,0.625163219024903,0.105634391032039
0.315709814314833,0.622556584204889,0.0617336014802784
0.387953082225066,0.576327366772007,0.0357195510029272
0.0134788860176876,0.872461432490678,0.114059681491634
0.0694069482779999,0.881052265747182,0.0495407859748176
0.085837700120274,0.882082161086359,0.032080138793367
0.288777015669376,0.694740389500933,0.0164825948296911
0.0135978835060668,0.875854072465336,0.110548044028597
0.268533971577735,0.673806473328875,0.0576595550933901
0.00361917843157462,0.874149185510354,0.122231636058072
0.00665033540131672,0.887482469087973,0.10586719551071
0.0104657012519894,0.843382305111382,0.146151993636628
0.0356583292703968,0.816745915410031,0.147595755319573
0.00158771249191759,0.842100473078536,0.156311814429547
0.0485454275221055,0.853652990187204,0.0978015822906903
0.0105272918987258,0.967070281111891,0.0224024269893832
0.0396663728067437,0.948985986082657,0.0113476411105991
0.000767045477365385,0.844167778470545,0.15506517605209
0.00344614074765902,0.817975530713835,0.178578328538506
0.00153838536792656,0.890526383111774,0.1079352315203
0.0095696293967733,0.922344867886619,0.0680855027166082
0.352189989804642,0.632947782874214,0.0148622273211434
0.114326554005861,0.867779914728744,0.0178935312653945
0.236702054015203,0.757665643334843,0.0056323026499546
0.166077194396049,0.718290433373671,0.115632372230279
0.249853448560736,0.683586046532081,0.0665605049071835
0.366143813460486,0.56989204194272,0.0639641445967942
0.0569404366210714,0.872155201501165,0.0709043618777634
0.00103178927114877,0.946703124406327,0.0522650863225244
0.0585262199031728,0.933622585853382,0.0078511942434451
0.0968630485021188,0.876644752635611,0.0264921988622699
0.000207193528492267,0.997301888710307,0.00249091776120058
4.1346302616226e-06,0.998016278979375,0.00197958639036337
8.42343227326727e-06,0.997958895839868,0.00203268072785833
0.00068125621794177,0.964983338404557,0.034335405377501
0.000825232714968062,0.97791001291927,0.0212647543657616
0.939690871176393,0.0543356851785158,0.00597344364509142
0.949721961573815,0.0455516114790373,0.00472642694714752
0.975507996002034,0.0231436372885936,0.00134836670937248
0.975665315976102,0.0230313164823973,0.00130336754150077
1.42940539502539e-05,0.992810777321587,0.00717492862446281
0.00231789612589026,0.977102720944992,0.0205793829291174
0.938648274816239,0.0564096498407463,0.00494207534301513
0.000776217689814039,0.995702045696903,0.00352173661328308
0.000257886312418649,0.998533244412923,0.00120886927465797
1.31162291177857e-05,0.999428927954796,0.000557955816086398
7.6498251791695e-06,0.999583161110468,0.000409189064352694
0.00237874146760092,0.995829465714486,0.00179179281791325
0.000448181441977057,0.997740777925816,0.00181104063220711
1.67162610996423e-05,0.999585569135793,0.000397714603107136
4.69529074503013e-06,0.99950073737927,0.000494567329985396
4.84474015090512e-06,0.99940411685341,0.000591038406439299
1.92671829755242e-05,0.99670861713902,0.00327211567800414
9.62389979213491e-06,0.995996580159327,0.00399379594088045
3.97213148228753e-05,0.988922868635182,0.0110374100499954
2.99757532798833e-05,0.986215786708595,0.0137542375381247
0.000641691292751356,0.9766643481336,0.022693960573649
0.00027417856143953,0.958302039973093,0.0414237814654671
0.00264814130039216,0.95734276556257,0.0400090931370382
0.00799962719723946,0.885732918801818,0.106267454000942
0.000738217541339521,0.974562572901532,0.0246992095571284
0.00249965094789141,0.968021270981526,0.0294790780705822
0.000197286309776685,0.942582453517404,0.0572202601728189
6.78637585271785e-05,0.99814216377352,0.00178997246795269
0.000138412980974167,0.998773812259881,0.00108777475914499
0.000308542929420041,0.998537877965472,0.00115357910510799
0.000267322753205009,0.998949131418212,0.000783545828582733
8.00435453086347e-05,0.996513001153534,0.0034069553011578
1.9911372859494e-05,0.991877434722892,0.00810265390424844
0.000139619935705819,0.99732319333215,0.0025371867321438
0.000179502513103989,0.998690524328654,0.00112997315824189
0.000813521479019191,0.966460879967056,0.0327255985539244
0.000724999899917095,0.949559920933238,0.0497150791668446
0.00411060816743436,0.929299765771484,0.0665896260610812
0.986657938363917,0.0133340566176927,8.00501839010095e-06
0.000545507292568389,0.936733885244939,0.0627206074624927
7.26685762654021e-06,0.963017610507319,0.0369751226350542
2.07845564249146e-06,0.966139198840008,0.0338587227043495
2.17940205448637e-05,0.95910389791151,0.0408743080679447
1.45984269410922e-05,0.967509560782264,0.0324758407907952
0.00074289777171523,0.986530990896118,0.0127261113321664
1.15871668788819e-06,0.999456075830257,0.000542765453055185
1.34184267478952e-06,0.999696404360011,0.000302253797314152
0.00316165957389446,0.989300637135553,0.00753770329055297
0.000263729491843396,0.998980026552224,0.000756243955932747
0.00108393917591775,0.996735508077419,0.0021805527466637
0.00454619546299347,0.990209743287421,0.00524406124958514
6.37029433153129e-06,0.998426793007031,0.00156683669863771
3.76306802894235e-05,0.994994259176111,0.00496811014360005
0.00275516081397713,0.992551123971834,0.00469371521418927
0.00357433445925977,0.989443544313412,0.0069821212273281
7.55980689959023e-05,0.951321410054318,0.0486029918766863
0.00209265649641254,0.962151683072717,0.0357556604308701
0.000482074208002866,0.944228231045456,0.0552896947465406
0.000207147192456589,0.998900842803242,0.000892010004301882
7.00722997975768e-06,0.999493144519072,0.000499848250948411
9.18954675714901e-05,0.999605631981158,0.000302472551270247
8.99427518380319e-07,0.999497916900123,0.000501183672359013
0.000224956890358583,0.999648763804514,0.000126279305127341
0.000621869076620796,0.998983444746062,0.000394686177317523
0.000206272717449019,0.991330852569257,0.0084628747132943
2.81392947021738e-05,0.990584510700627,0.00938735000467078
0.0031249695996632,0.962706697907628,0.0341683324927089
0.157874114520866,0.760605985283306,0.0815199001958281
0.0644769008824052,0.86775558648506,0.0677675126325347
0.0554346094746594,0.875085299726052,0.0694800907992885
0.0220125859604421,0.91775023477299,0.0602371792665678
0.0112279854386808,0.950869759256958,0.0379022553043611
0.00620510710236414,0.973791295517718,0.0200035973799176
0.00528011752111094,0.97995469570509,0.0147651867737994
0.0026582631205306,0.992585284532594,0.00475645234687549
4.4355506713188e-05,0.995102211222191,0.00485343327109577
0.0141295899587248,0.92044561708641,0.0654247929548647
0.32308950863073,0.662786194380979,0.0141242969882912
0.00452621298121331,0.992372610870581,0.0031011761482053
0.00101918754523907,0.997650874752475,0.00132993770228586
0.227227719688906,0.702326374117331,0.0704459061937632
0.00807978572829939,0.945195593992279,0.0467246202794213
0.938799687553948,0.0542563788243401,0.00694393362171178
0.952659662089696,0.0431027909842788,0.00423754692602533
0.952678235806628,0.0430856781480949,0.00423608604527742
0.0479439314478617,0.867732331900645,0.0843237366514929
