"closed","widespread","open"
0.409239652689524,0.502649328300296,0.0881110190101804
0.369067776203413,0.597330859666963,0.0336013641296233
0.371961607150395,0.606996141280722,0.0210422515688831
0.662263704425682,0.308595295927898,0.0291409996464205
0.819622461056791,0.158347648638554,0.0220298903046551
0.947215951217706,0.0436842673142597,0.0090997814680338
0.95493096166097,0.0376528054380764,0.00741623290095325
0.93758420446335,0.055056732735048,0.00735906280160185
0.885461858610113,0.105419159571692,0.00911898181819461
0.910222497662537,0.0832460020938566,0.00653150024360605
0.921683925976883,0.0712258984019688,0.00709017562114802
0.858525176551516,0.128309516661892,0.0131653067865926
0.648552786824696,0.338818774351445,0.0126284388238598
0.433243224670857,0.554984130682953,0.0117726446461895
0.315122120202369,0.670677008406352,0.0142008713912787
0.317914965116287,0.654957528955852,0.0271275059278617
0.36791235029047,0.619377121727523,0.0127105279820065
0.382693600577658,0.60842673160821,0.00887966781413265
0.415186521315076,0.581216395816045,0.0035970828688787
0.434728338257651,0.564026132161471,0.00124552958087896
0.443878830388107,0.55507114675981,0.00105002285208239
0.446741093302403,0.552194101443424,0.00106480525417275
0.447819802647482,0.551179665262652,0.00100053208986625
0.444539403001099,0.554662244633496,0.00079835236540586
0.502393284162319,0.496924208813588,0.000682507024093236
0.660957739788151,0.338665956052098,0.000376304159750261
0.704103410060446,0.295706859088266,0.000189730851287812
0.741977071182661,0.257931389041882,9.15397754575902e-05
0.780408635697952,0.219422815353618,0.000168548948429475
0.848584726559605,0.151101633341591,0.000313640098804021
0.94907604616009,0.0508694600279555,5.44938119548964e-05
0.967850633934719,0.0321327688702507,1.65971950301239e-05
0.900952605021309,0.0986878972028758,0.000359497775815371
0.832911782487794,0.166870130189657,0.000218087322548637
0.901996016010381,0.0978146089782353,0.000189375011383863
0.981804357301167,0.0181875925937927,8.05010503986368e-06
0.990075008256337,0.00992359633734252,1.39540632043342e-06
0.934566238422179,0.065300806017048,0.000132955560773399
0.986519393773704,0.0134746961920487,5.91003424743117e-06
0.931336861603372,0.0683221386622754,0.000340999734352308
0.271927246815854,0.723419650707426,0.00465310247672037
0.033174997027901,0.964528463733871,0.00229653923822743
0.0422308993351395,0.95700601134375,0.000763089321110216
0.0404552226251973,0.959171308925577,0.00037346844922572
6.8157682252843e-05,0.999323358136038,0.000608484181709329
0.521431195309004,0.477158041303647,0.00141076338734867
0.662822292537622,0.336001430374791,0.00117627708758638
0.721193537926427,0.277892223195441,0.000914238878132501
0.802926340728213,0.196691380941404,0.000382278330383063
0.855654638043938,0.143944611720357,0.000400750235704567
0.905998935504009,0.0938198612200411,0.000181203275950042
0.925445283233594,0.0744145891977426,0.000140127568663836
0.834058753032345,0.165460947023251,0.000480299944404358
0.917815301122052,0.0817766574865008,0.000408041391447432
0.915929868564188,0.083274624398357,0.000795507037455182
0.954688033916663,0.0449732566319127,0.000338709451424513
0.890865895956787,0.107026065339941,0.00210803870327175
0.445390842766605,0.521392543491647,0.0332166137417482
0.55204491560218,0.441354342851931,0.00660074154588883
0.732116165460991,0.265690355618817,0.00219347892019176
0.760504884813978,0.238262148563638,0.00123296662238477
0.835835276431189,0.163685654060286,0.000479069508524694
0.849391895227551,0.150377260755857,0.000230844016591468
0.88551120635715,0.114193048100537,0.000295745542313057
0.918268286280357,0.0815392227714247,0.000192490948217871
0.949596214355625,0.050324805972627,7.89796717478023e-05
0.974345429691743,0.0256374740910698,1.70962171873051e-05
0.987282997608438,0.0127143178164679,2.68457509387103e-06
0.992270709307336,0.00772817005485469,1.12063780956635e-06
0.878007554035208,0.121655657390688,0.000336788574104671
0.928036986730078,0.0718044600421441,0.000158553227777998
0.952395260491427,0.0475354149242889,6.9324584284061e-05
0.97117019322164,0.0287983977453053,3.14090330547377e-05
0.972748684243219,0.0271980210700416,5.3294686739621e-05
0.960673540279724,0.0390554635074657,0.000270996212810151
0.810802196619914,0.187999431011032,0.00119837236905403
0.866917165792647,0.13204688058752,0.00103595361983388
0.922003346074154,0.0773132156577644,0.000683438268081455
0.925043612305203,0.0735632972596076,0.00139309043518898
0.686810921382103,0.307596517839526,0.00559256077837066
0.952731796824128,0.0465466097868872,0.000721593388985384
0.981421023618268,0.0185130782710362,6.58981106954624e-05
0.219967093286607,0.724157286778013,0.05587561993538
0.238936388167967,0.732533212094284,0.0285303997377489
0.193992300339567,0.796985591495693,0.0090221081647402
0.193598666784361,0.790921219779409,0.0154801134362298
0.284827186799021,0.704257569353647,0.0109152438473315
0.287309605054421,0.70431744899538,0.00837294595019925
0.278271325177732,0.711801809069762,0.00992686575250586
0.318094714926192,0.670831181695899,0.0110741033779093
0.406449805710586,0.57223810916975,0.0213120851196642
0.749073145864228,0.247256858388318,0.00366999574745339
0.827173110850919,0.170838500252416,0.0019883888966658
0.98860324141629,0.0113744977525079,2.22608312016919e-05
0.996270143878016,0.00372914370519557,7.12416787940509e-07
0.998033106837287,0.00196680413391993,8.90287929540737e-08
0.999100961065904,0.000899013761764936,2.51723307388217e-08
0.999651216069626,0.000348776108706749,7.82166730366137e-09
0.936891965327013,0.0625195326464645,0.000588502026521964
0.854865547095216,0.143305093868346,0.00182935903643753
0.9502990303944,0.0494437058850343,0.000257263720565915
0.971388838650041,0.0285501155100102,6.10458399490567e-05
0.878286757004604,0.118866506909912,0.00284673608548462
0.927491857000595,0.0714732678013247,0.00103487519808033
0.268488612097777,0.713062476718797,0.0184489111834261
0.211563586748644,0.764702855737162,0.0237335575141943
0.0152127365673167,0.951586290465176,0.0332009729675072
0.00124328724571563,0.982606724104965,0.0161499886493193
0.000213427272727466,0.99156604870858,0.00822052401869254
0.00180050584298834,0.994426070419484,0.00377342373752796
9.69379362642907e-05,0.996481262460573,0.00342179960316234
0.0212345306669995,0.970462203364024,0.00830326596897691
0.52012622982633,0.472427557934623,0.0074462122390478
0.865719822404071,0.130527991058863,0.00375218653706597
0.967809820587249,0.0318288598700893,0.000361319542662027
0.318929360826478,0.669674000879888,0.0113966382936337
0.330233881186215,0.656162069999776,0.0136040488140087
0.305740975891174,0.681680229194245,0.0125787949145806
0.231269379317178,0.753219048327389,0.0155115723554332
0.0371659107596439,0.942161231842168,0.0206728573981877
0.00601674726718198,0.977276331445117,0.0167069212877015
0.0148322557158184,0.975901807523368,0.00926593676081326
0.0620048695482861,0.92069014119599,0.0173049892557235
0.960026015455419,0.0397169570664102,0.000257027478171139
0.980067043621632,0.0199094392593076,2.35171190599129e-05
0.988301921507105,0.0116929789199269,5.09957296758957e-06
0.686281701702046,0.306198131150486,0.00752016714746835
0.897161128338978,0.101035243238706,0.00180362842231573
0.924655306891011,0.0744453797513055,0.000899313357683797
0.967601110957518,0.0321559037715462,0.000242985270935401
0.997643743249302,0.00235533075157808,9.25999119444512e-07
0.977537922262984,0.0223277386631791,0.000134339073836846
0.505938250612225,0.483039899130082,0.011021850257692
0.610946286692106,0.369321541981443,0.019732171326451
0.719791064840677,0.270940489250338,0.00926844590898488
0.71665205296945,0.278331390717213,0.00501655631333706
0.704862651268041,0.291171280480382,0.00396606825157721
0.771627156454813,0.227455766502999,0.000917077042187469
0.841006705209295,0.158509106269461,0.000484188521244143
0.966616642384461,0.0333542675604768,2.90900550617995e-05
0.977025616435172,0.0229675293124887,6.85425233900573e-06
0.983512049065875,0.0164838507779824,4.10015614224822e-06
0.997170404014007,0.00282928691312584,3.09072867239155e-07
0.999735594557771,0.000264402612266372,2.82996296106175e-09
0.989205370545668,0.0107915025980385,3.12685629309098e-06
0.994230878350183,0.00576851497006115,6.06679755709972e-07
0.998192736709537,0.00180715621229851,1.07078164431623e-07
0.93057774606003,0.0692873498120184,0.00013490412795192
0.947897710539947,0.0520391573447694,6.31321152832239e-05
0.987270369665379,0.0127232476794716,6.38265514907153e-06
0.824468367737451,0.175004130362122,0.000527501900426859
0.867055501236642,0.132546286228879,0.00039821253447918
0.953626472805021,0.0462858401439105,8.76870510684635e-05
0.983954616618311,0.0160376344759988,7.74890569023604e-06
0.996579070232955,0.00342060532625841,3.24440786851042e-07
0.913461959571618,0.085175948195364,0.00136209223301813
0.880956058651465,0.115669107762415,0.00337483358612017
0.984657926085806,0.0152813133784416,6.07605357523325e-05
0.992853372810711,0.00714160339349813,5.02379579056549e-06
0.666217876503659,0.314693787108635,0.019088336387706
0.899100988309981,0.0967099639308345,0.00418904775918476
0.943047900300822,0.0555637015268566,0.00138839817232148
0.985499257631635,0.0144289710349481,7.17713334171282e-05
0.997067602717383,0.00293118854784458,1.20873477233493e-06
0.681445227509615,0.300423428100695,0.0181313443896894
0.586465714025721,0.398924542228418,0.0146097437458609
0.628677098640872,0.363439352845869,0.00788354851325906
0.78096885919291,0.213719514937535,0.0053116258695552
0.890131402233431,0.107021438296305,0.00284715947026366
0.930699391134873,0.0681336288512227,0.0011669800139042
0.949676366227007,0.0497371771108378,0.000586456662155042
0.959574194517715,0.0399799231456895,0.000445882336595461
0.968059188294697,0.0314136502102018,0.000527161495101455
0.944694267589212,0.0532232875658246,0.0020824448449633
0.977131858708495,0.0225074926197092,0.000360648671795483
0.960889059465577,0.0373807157485034,0.00173022478591971
0.823523630845497,0.166093441841126,0.0103829273133769
0.89303578227382,0.0983142285282592,0.00864998919792065
0.855711022717861,0.138059985792777,0.00622899148936222
0.729312449564679,0.267634978744947,0.00305257169037372
0.515942900587128,0.483109847902407,0.000947251510465078
0.972482924960707,0.0265375186923459,0.000979556346946898
0.959588571016648,0.0387183975202994,0.00169303146305227
0.967025825587561,0.031907928658709,0.00106624575373052
0.957833695047464,0.0367539120451465,0.00541239290739008
0.880096755686483,0.116440841662489,0.00346240265102747
0.714289287986056,0.284628920704653,0.00108179130929122
0.561577452802079,0.437942341484101,0.000480205713819024
0.981447303257838,0.0178480827511069,0.000704613991054986
0.968265764074968,0.029817469928544,0.00191676599648816
0.96974432578638,0.0290144902096863,0.00124118400393348
0.977165877490002,0.0223953392001289,0.000438783309869075
0.980030847318546,0.0196484089466419,0.000320743734812419
0.98291395662113,0.01682726790926,0.000258775469610049
0.984142029972042,0.0156740880695717,0.000183881958386586
0.984861360503793,0.0149186881374518,0.000219951358755104
0.98633134326586,0.0135150951199011,0.000153561614238473
0.989978287245316,0.00999883613904176,2.28766156424728e-05
0.991127157559117,0.00886491923585856,7.92320502446854e-06
0.991893935017424,0.00809881769632937,7.24728624698883e-06
0.989238934441044,0.0107099661211239,5.10994378324521e-05
0.991270669268596,0.00871161709740959,1.77136339948259e-05
0.994982108609192,0.00501364631187616,4.24507893198438e-06
0.985164840157765,0.0145935767177173,0.000241583124517838
0.988692872109815,0.0112500369345493,5.70909556358781e-05
0.990896243053641,0.00908348676280271,2.0270183556043e-05
0.991954417954411,0.00801875187057068,2.68301750181539e-05
0.995480517990911,0.00451588474727944,3.59726181004065e-06
0.982203397934542,0.017391291549857,0.000405310515600776
0.986058072107195,0.0138272880148428,0.000114639877961856
0.988351173978727,0.011590757982944,5.80680383286673e-05
0.99366839716648,0.006321945130218,9.65770330156172e-06
0.986726587057326,0.0132016050561141,7.1807886560301e-05
0.989766294623377,0.0102018668066994,3.18385699232971e-05
0.985463769421421,0.0142920914660778,0.000244139112500739
0.988610584952259,0.0113394729832606,4.99420644806408e-05
0.990495200038929,0.00948406481428982,2.07351467811636e-05
0.994306846488504,0.00568737218088168,5.78133061432694e-06
0.938872642844848,0.05771053528937,0.00341682186578166
0.957423139013837,0.0403119722595571,0.00226488872660589
0.970339056709785,0.0280537149717813,0.00160722831843394
0.972701854371827,0.0262506841951909,0.00104746143298171
0.966570610697931,0.0328222957576455,0.000607093544423923
0.958818130342383,0.0407044680667282,0.000477401590888675
0.955156201831851,0.0443109065134497,0.000532891654699595
0.951454375238818,0.0477905693923682,0.000755055368813398
0.957736374336283,0.0417158504822004,0.000547775181516656
0.965211067741585,0.034293752820317,0.00049517943809834
0.974040239441237,0.02550966147681,0.00045009908195296
0.97859947087186,0.0210813073859828,0.00031922174215712
0.983152582266991,0.0166394066923846,0.000208011040624535
0.988893852973695,0.0110533148939195,5.28321323850801e-05
0.982791154968226,0.0169685588208299,0.000240286210943836
0.975076595605543,0.024434353421778,0.000489050972679298
0.979415579322594,0.0202846661630638,0.000299754514341838
0.981323293034488,0.0185290553880334,0.000147651577479035
0.982412803847908,0.0174610539905896,0.00012614216150211
0.972755694862079,0.0267064096193296,0.000537895518591029
0.990458355470145,0.0094929482961687,4.86962336863066e-05
0.979303702703583,0.0202451684288057,0.000451128867611056
0.989276097400016,0.0106601633428795,6.37392571040817e-05
0.946104962969638,0.0507591304811488,0.00313590654921288
0.738077658316881,0.232600859487679,0.0293214821954397
0.473445899744323,0.441489649243509,0.0850644510121672
0.974215375529763,0.0251840403919373,0.000600584078299457
0.987867036277239,0.0120347183147306,9.82454080303735e-05
0.992353305903803,0.00763032859496232,1.63655012345158e-05
0.975255316820115,0.0241841487737093,0.000560534406175996
0.98505706307795,0.0146182129929758,0.000324723929074253
0.99294102061542,0.00703745634067415,2.15230439061831e-05
0.99685229995532,0.00314638048754067,1.31955713889382e-06
0.997687470177826,0.00231207003449221,4.59787682112815e-07
0.985113758747664,0.0146692893883062,0.000216951864030229
0.985886025104484,0.0139819938018422,0.000131981093674011
0.992406885849581,0.00757210698509721,2.10071653219054e-05
0.998714008364887,0.00128572007886704,2.71556246162273e-07
0.99958879993796,0.000411186363581344,1.36984588715922e-08
0.999948889463035,5.11102797857898e-05,2.57179415192234e-10
0.985292877814306,0.0142439117699833,0.000463210415711122
0.990435574331845,0.00951402290313315,5.04027650214395e-05
0.996298252309532,0.00369883462095135,2.91306951693677e-06
0.998044974079186,0.00195454359158553,4.82329228138576e-07
0.999026129041777,0.000973743484112249,1.27474111042319e-07
0.980654072044462,0.018451958675611,0.000893969279926864
0.983663926108192,0.0159214181167694,0.000414655775038551
0.983762525619837,0.0158856253969481,0.000351848983214545
0.980002748521028,0.0197442548604231,0.00025299661854922
0.980402476263232,0.0193751433173725,0.00022238041939523
0.982579543028942,0.0171917576575626,0.000228699313495147
0.987285607160535,0.0126040318959397,0.000110360943525483
0.99423164452034,0.00576045319440058,7.9022852590667e-06
0.995808568317706,0.00418919476943511,2.23691285892779e-06
0.988067594283144,0.011851776494347,8.06292225085782e-05
0.974282178568127,0.0256284689945983,8.9352437274366e-05
0.973867553563226,0.026084524256545,4.79221802293165e-05
0.975346851884463,0.0245979126800158,5.52354355213473e-05
0.979771493345727,0.0201626690025782,6.5837651694792e-05
0.984484759031066,0.0154853957745472,2.98451943868243e-05
0.988419039917186,0.0115730801259961,7.87995681765246e-06
0.990220760053278,0.00977535277291331,3.88717380850783e-06
0.993607807117327,0.00638792640091046,4.26648176257453e-06
0.994440447451818,0.00555605088383835,3.50166434352588e-06
0.983092819871423,0.0168549585436714,5.22215849053722e-05
0.985568032470219,0.0143988286234215,3.31389063594046e-05
0.993820654537267,0.00617256285983913,6.78260289432265e-06
0.976704897853738,0.0231879750134367,0.000107127132825315
0.981893887710614,0.0179955384736986,0.000110573815687219
0.977793705338607,0.0220648658651813,0.00014142879621139
0.986021849866839,0.0139023651060922,7.57850270689408e-05
0.993645272659932,0.00634531057809981,9.41676196821151e-06
0.985318778076118,0.014370175585912,0.000311046337969751
0.987392939822162,0.0125309720186044,7.60881592337886e-05
0.992121260872697,0.00787122742566403,7.51170163858283e-06
0.992765265065795,0.00722804760501216,6.68732919306273e-06
0.993070724743941,0.00692281501958145,6.4602364773492e-06
0.987523086250369,0.0124174786974738,5.94350521575055e-05
0.984846673781506,0.0149996551270195,0.000153671091474318
0.985163937712878,0.014748700266992,8.73620201300276e-05
0.988840563358633,0.0111153481516225,4.40884897439e-05
0.992128860212522,0.00786009456955086,1.10452179270251e-05
0.994104680670951,0.00589059904270221,4.7202863463586e-06
0.985652365220375,0.0142536108882176,9.40238914071726e-05
0.984946573370711,0.014631090970727,0.000422335658561722
0.985961205902279,0.0139038593290534,0.000134934768667805
0.986559785633096,0.0133245333380022,0.0001156810289018
0.992231023626299,0.0077449352622911,2.40411114098122e-05
0.996220497708729,0.00377697717407553,2.5251171957932e-06
0.997895613051773,0.00210406334929446,3.23598932590967e-07
0.998561268657016,0.00143850348620751,2.27856776035299e-07
0.998542378426547,0.0014573894170872,2.32156365430967e-07
0.986597670099835,0.0132986255428503,0.000103704357314681
0.990640151668808,0.00933493201637754,2.49163148147207e-05
0.992018987337522,0.00796934930014804,1.16633623294645e-05
0.996130837920179,0.00386676766800567,2.39441181573728e-06
0.989653698640028,0.0102984574310385,4.78439289335031e-05
0.997465462304139,0.00253324661002858,1.29108583238561e-06
0.985339217479078,0.0143816101290725,0.000279172391849642
0.984288306484098,0.0155535104814848,0.000158183034416892
0.984145145430509,0.0157253437271697,0.000129510842320975
0.984940545219285,0.0149691371776966,9.03176030187827e-05
0.986202609848277,0.0137302578105166,6.71323412067082e-05
0.986069451296334,0.0137890726538059,0.000141476049859968
0.977004887172776,0.0217848124575337,0.00121030036969045
0.984986578059314,0.0147072310960944,0.00030619084459191
0.984010724325205,0.0158608013681199,0.000128474306675205
0.98431312854929,0.0155964410482334,9.04304024761006e-05
0.985464797467969,0.0144656177963169,6.9584735713965e-05
0.991081029293938,0.0088982894012275,2.0681304833945e-05
0.993183889081255,0.00680845033642278,7.660582322777e-06
0.988292129832591,0.0116571580348188,5.07121325902087e-05
0.985059815474312,0.014866778930045,7.34055956429539e-05
0.985353537758875,0.0145781465437657,6.83156973596611e-05
0.998515197277482,0.00148427667036223,5.26052155474926e-07
0.985052704514243,0.0147406124677265,0.000206683018030355
0.86071206479657,0.12721113910582,0.0120767960976104
0.75801972785598,0.22221799652962,0.0197622756143997
0.743107113666702,0.232910993957344,0.0239818923759541
0.699397731729333,0.26201234024651,0.0385899280241577
0.682924887302754,0.273972322403624,0.0431027902936222
0.600583201416234,0.304784045012832,0.094632753570934
0.631015317551479,0.302876282507773,0.0661083999407478
0.674933344787893,0.27859586032681,0.0464707948852969
0.738173973620166,0.23453465896573,0.0272913674141043
0.753532864588143,0.222646817045657,0.0238203183662
0.794241322036044,0.192201043479034,0.0135576344849216
0.80560166150709,0.189794344171797,0.00460399432111316
0.805403146216303,0.191481493391988,0.00311536039170842
0.8069443321235,0.189981776092132,0.00307389178436777
0.806616838676361,0.189631293626287,0.00375186769735185
0.834445970784567,0.164059384552492,0.00149464466294088
0.851012044027988,0.14793093411374,0.00105702185827248
0.874108993411992,0.124815954878427,0.00107505170958129
0.915972085591925,0.0830319292241431,0.000995985183932047
0.994051738365457,0.00593479004939904,1.34715851444726e-05
0.949071885152798,0.0502103746663902,0.000717740180812111
0.925064091141047,0.0737077570397458,0.00122815181920688
0.954102275718018,0.0452159968976449,0.000681727384336672
0.901247736476517,0.0973665600193531,0.00138570350413015
0.930278931922916,0.0686675994886473,0.00105346858843704
0.971280174782752,0.0284063469303349,0.000313478286913125
0.991682592564913,0.00828458744286387,3.28199922231651e-05
0.76074409205518,0.221653099636831,0.0176028083079889
0.997879297886593,0.00211933254502947,1.36956837772244e-06
0.93503905613071,0.0625954862467777,0.00236545762251254
0.992882939080856,0.00708695901476444,3.01019043797984e-05
0.854145639646381,0.143488189973675,0.002366170379944
0.90020109665003,0.097864961081125,0.00193394226884474
0.981492590172562,0.0182138736490583,0.000293536178379935
0.996057756436867,0.00393751656537774,4.72699775488132e-06
0.941961697523927,0.0564818323681638,0.00155647010790916
0.951250620658048,0.0469570210278413,0.00179235831411075
0.98694128534293,0.0128843765327523,0.000174338124317648
0.850205330624204,0.134463530604642,0.0153311387711542
0.858283157766609,0.130183039409711,0.0115338028236793
0.845008634602702,0.143342264561318,0.0116491008359803
0.670957303467013,0.315677839146309,0.0133648573866774
0.0124224927975443,0.983931221045834,0.00364628615662225
0.0154535168592101,0.984300721130307,0.000245762010482509
0.987666555706648,0.0122109809423181,0.000122463351034448
0.946088160033088,0.0518791494958973,0.00203269047101515
0.953738158827067,0.0449258022852057,0.00133603888772706
0.979325864459141,0.020418902912245,0.000255232628614262
0.991582711292741,0.0083546701301311,6.26185771281528e-05
0.995539728477355,0.0044549744899801,5.29703266472897e-06
0.848786185039845,0.138108405179521,0.0131054097806336
0.907847927061136,0.0859691464143887,0.00618292652447578
0.954686163140844,0.0429506112153596,0.00236322564379677
0.971119387328434,0.0277483347352598,0.00113227793630659
0.981875806519241,0.0177685829452457,0.000355610535513187
0.988328907501556,0.0116026203861994,6.84721122448832e-05
0.941898869210098,0.0535798942806695,0.00452123650923274
0.98490337308139,0.0147941568537255,0.000302470064884262
0.994584344606013,0.0054050508375415,1.06045564459793e-05
0.640513156791063,0.296035336419027,0.0634515067899103
0.650566203005038,0.2661082552925,0.0833255417024613
0.206103942447297,0.600140689850887,0.193755367701816
0.118459277768123,0.777991742550274,0.103548979681604
0.0353481359569652,0.877517936284151,0.0871339277588833
0.0258985144065826,0.901138562658262,0.0729629229351556
0.0496681392503125,0.894004600099439,0.0563272606502485
0.0597196446023108,0.89978819415845,0.0404921612392393
0.0876937143396843,0.878070998519634,0.0342352871406821
0.998595165025153,0.00140445023906162,3.84735785212927e-07
0.188496684953055,0.545820956624986,0.265682358421959
0.0020755820560882,0.511129838534849,0.486794579409063
0.887342480305102,0.095373527495908,0.0172839921989901
0.955232431400697,0.0411121453627225,0.00365542323658012
0.97863380851279,0.0208469213750678,0.000519270112142581
0.983977772160298,0.0158665236980635,0.000155704141638306
0.972827610884241,0.0263455456418877,0.000826843473871355
0.977539396472704,0.0220528237312703,0.000407779796025949
0.765070042430666,0.204607011417268,0.0303229461520663
0.914302151470224,0.0784778020682045,0.00722004646157145
0.972445269193836,0.0258799572911732,0.00167477351499051
0.991611111894562,0.00834619664200081,4.26914634371313e-05
0.987903009115169,0.0119811652481776,0.00011582563665323
0.947749492019996,0.0491686837489222,0.0030818242310813
0.967874321904951,0.0305836111272033,0.00154206696784591
0.925662789317334,0.0663971437080428,0.00794006697462326
0.979319277822651,0.0197913305599992,0.000889391617349251
0.989322492591969,0.0105952344960086,8.22729120224566e-05
0.996423225482326,0.00357371294176336,3.06157591109593e-06
0.98556006556158,0.0142637662718923,0.000176168166527293
0.980104888029671,0.0190552917612963,0.000839820209033048
0.188901137086527,0.573721118718065,0.237377744195408
0.0265911651289636,0.647632676559852,0.325776158311184
0.0228480664434564,0.64925281417843,0.327899119378114
0.0036743211371011,0.750535280517589,0.24579039834531
0.00166114224428049,0.826452077364297,0.171886780391423
0.00126216553020969,0.865473708829572,0.133264125640218
0.00370437992044499,0.881316390943507,0.114979229136048
0.00575843271542489,0.886023056808532,0.108218510476043
0.000480024414115765,0.863490364771839,0.136029610814045
0.0127056422443739,0.879627218407834,0.107667139347792
0.0133327590036911,0.867481227070968,0.119186013925341
0.772097823828428,0.22547445764906,0.00242771852251172
0.000218004013948455,0.809074907335744,0.190707088650308
0.0145264836666412,0.956622003696473,0.028851512636886
0.552565984089093,0.430633455624082,0.0168005602868243
0.810205828696365,0.187955741899921,0.00183842940371309
0.940257519690416,0.059646326137046,9.61541725376466e-05
0.300876473076366,0.647033637393622,0.0520898895300116
0.790415310325992,0.204930463021552,0.0046542266524559
0.00255001300320378,0.988504103724481,0.00894588327231517
0.0150188257799295,0.984423446656032,0.00055772756403874
0.0156908730339603,0.984243676164882,6.54508011578013e-05
0.0463297506901151,0.831330026857176,0.122340222452709
0.049703415818256,0.828058501968612,0.122238082213132
0.040719702052176,0.779481742192459,0.179798555755365
0.0140283134367895,0.795459554560851,0.190512132002359
0.570631887018307,0.391259630489941,0.0381084824917522
0.849431963444887,0.14590211314707,0.00466592340804254
0.864158965684166,0.131999053848996,0.00384198046683866
0.00739962636243102,0.795223886068696,0.197376487568873
0.003686512066108,0.813525024444288,0.182788463489604
0.0738176435790209,0.8972081416162,0.0289742148047792
0.0289739550698221,0.595074974913976,0.375951070016202
0.76304020885021,0.216334069013063,0.0206257221367269
0.900486252230618,0.0966883577911131,0.00282538997826935
0.958548892026195,0.0412296047093743,0.000221503264430299
0.97521760854136,0.0247355844570642,4.68070015760698e-05
0.993796619462636,0.00619988138367867,3.49915368542906e-06
0.878620701760503,0.11634502861523,0.00503426962426707
0.0136689552893597,0.501780549186522,0.484550495524118
0.0169393801734178,0.345116692005446,0.637943927821136
2.59820438525717e-05,0.0304444055536612,0.969529612402486
0.0137678979977754,0.552483693087357,0.433748408914867
0.228616574757123,0.563369507345187,0.20801391789769
0.251451954062907,0.552928758261636,0.195619287675457
0.311864138066941,0.540927494886088,0.147208367046971
0.312871285360056,0.565219213764474,0.121909500875471
0.347268226917133,0.567690560948601,0.0850412121342665
0.846914494590108,0.148741394054742,0.00434411135515044
0.971464439917725,0.0284625780029217,7.2982079352766e-05
0.372497764834256,0.566297160237746,0.0612050749279972
0.250875712140578,0.743311195731842,0.00581309212758005
0.652638037952247,0.30056086530445,0.0468010967433037
0.861329508570177,0.127189114932483,0.0114813764973392
0.253840659719312,0.624173748891672,0.121985591389016
0.701306490868375,0.280561048456998,0.0181324606746267
0.88403066962212,0.114033254846943,0.00193607553093723
0.118601536545271,0.75259582636561,0.128802637089119
0.0997364559177588,0.898542537922463,0.00172100615977798
0.786692940524843,0.178007838877094,0.0352992205980627
0.919232376710754,0.0764952018063251,0.00427242148292085
0.953900156700585,0.0456041237039923,0.000495719595422162
0.991998415923556,0.00798451609525934,1.70679811848279e-05
0.958218800770265,0.041512797514533,0.000268401715202088
0.965788062932897,0.0340306850546116,0.000181252012491667
0.939274819011273,0.0585121500622991,0.00221303092642734
0.983374803945295,0.0164852833997969,0.00013991265490857
0.733167665114496,0.237064001598334,0.0297683332871689
0.843041114026316,0.141804133610839,0.0151547523628449
0.956746735912107,0.0391977333449015,0.00405553074299186
0.977557445582603,0.0216480118706669,0.00079454254673058
0.978789903178898,0.0206835547747963,0.000526542046306024
0.981597007920884,0.0181390447445809,0.000263947334535591
0.983384582811252,0.0165140672402134,0.000101349948534257
0.984287917699406,0.0156363282017625,7.57540988311349e-05
0.998643515936912,0.00135603799404893,4.46069039015258e-07
0.988437458770694,0.0115186174849482,4.39237443572593e-05
0.987403381361911,0.0125049318493186,9.1686788770657e-05
0.984428854253201,0.0153544320454438,0.000216713701354773
0.988309692942022,0.0116287965133752,6.1510544603027e-05
0.983219257051041,0.0162328773976639,0.000547865551294851
0.986818029458021,0.0130714932058679,0.000110477336110794
0.98868804044615,0.0112670358340969,4.49237197530626e-05
0.992394849853988,0.00759176779521411,1.33823507975431e-05
0.992473813850655,0.0075074399782639,1.87461710811637e-05
0.97594642330209,0.0227073024783341,0.00134627421957587
0.979264710385129,0.019964264499432,0.000771025115438715
0.990239921724121,0.00971068285426165,4.939542161769e-05
0.993300983787393,0.00668884809496587,1.0168117641245e-05
0.983277216910937,0.0163484589886137,0.000374324100449103
0.990240499338692,0.0097063819491653,5.31187121425775e-05
0.929201266535027,0.0608768348859974,0.00992189857897543
0.973986020771301,0.0239616383592079,0.00205234086949083
0.983129632103315,0.016328834539405,0.000541533357280004
0.832748417733006,0.162146973046548,0.00510460922044566
0.581118436332796,0.416540101974258,0.0023414616929461
0.746783853264794,0.217285841779471,0.0359303049557347
0.76696483957613,0.194761092108263,0.0382740683156071
0.710184323080147,0.245917464554128,0.0438982123657249
0.657376626891731,0.289913715179073,0.0527096579291965
0.349961714716868,0.588876413154058,0.0611618721290747
0.227823487338015,0.705720142026845,0.06645637063514
0.19046719923962,0.748521962096671,0.0610108386637091
0.013303761815221,0.922868949639712,0.0638272885450666
0.00635848486560243,0.939615706430555,0.0540258087038427
0.0723891556539353,0.907429562599323,0.0201812817467415
0.111798178707876,0.877266375983112,0.0109354453090122
0.127653109503974,0.865250287166859,0.00709660332916734
0.09805609294486,0.901165562090919,0.000778344964221032
0.34927530594264,0.640113332410028,0.0106113616473324
0.00466098045170048,0.928187991483289,0.0671510280650109
0.0144324798422317,0.903598108734472,0.0819694114232963
0.000464662824600191,0.835208683576939,0.164326653598461
0.0061076882674344,0.969522750623583,0.0243695611089827
0.0544276518740861,0.93767669461925,0.00789565350666357
0.00444399823499235,0.96189840106881,0.0336576006961975
0.0242225059579074,0.971083489888676,0.00469400415341707
0.796359847696355,0.203545086819125,9.50654845192218e-05
2.89902302624759e-05,0.997800608077447,0.00217040169229102
0.692563357413337,0.25925984949752,0.0481767930891431
0.856705292935955,0.130135450617597,0.0131592564464478
0.908531145685514,0.0856643291908895,0.00580452512359648
0.946899191784181,0.0510754753364569,0.00202533287936184
0.966717098663736,0.0327343185207701,0.000548582815494106
0.98497357610358,0.014955584700349,7.08391960713506e-05
0.989692322174758,0.0102887089244946,1.89689007475711e-05
0.975227514556972,0.0245009695714579,0.000271515871569862
0.988303329978311,0.01160475485408,9.19151676093315e-05
0.949032896594169,0.0476150987514714,0.00335200465435964
0.986036071491837,0.0137895487810005,0.000174379727162514
0.995412432043923,0.00458153423534966,6.03372072712637e-06
0.676541277954564,0.265218718913074,0.0582400031323621
0.26795201333585,0.661910589005758,0.070137397658392
0.0177715655732846,0.889220377791139,0.0930080566355765
0.00177385053944512,0.854015356400998,0.144210793059557
0.0131945072095847,0.961407995902676,0.0253974968877389
0.035638017188963,0.955959710093548,0.00840227271748881
0.913203131157538,0.0767245162058382,0.0100723526366237
0.967501644192111,0.0289902155240364,0.00350814028385292
0.98546585589684,0.0143824302627868,0.000151713840373022
0.986503861291198,0.0134144790218889,8.16596869134506e-05
0.970361737530512,0.0259326549643288,0.00370560750515921
0.948130513424988,0.0467670644380752,0.00510242213693688
0.768958658713957,0.222572096031095,0.00846924525494827
0.764685355646879,0.230266962746385,0.0050476816067365
0.758973821627364,0.236983608996368,0.00404256937626808
0.753201384630564,0.242973685090172,0.00382493027926398
0.741839701619462,0.254809621500755,0.00335067687978382
0.725775874125218,0.270853353973817,0.00337077190096595
0.702079140988385,0.291564386547632,0.00635647246398248
0.686540071300137,0.304773621371502,0.00868630732836102
0.655265454842618,0.32878528245801,0.0159492626993723
0.514886980208928,0.437497498472806,0.0476155213182656
0.295654159149614,0.618931443332435,0.0854143975179507
0.154508573804352,0.725775125507509,0.119716300688139
0.0368696703745138,0.791255545293522,0.171874784331964
0.022398653484846,0.727765534248797,0.249835812266357
0.000874196063057419,0.654883445055142,0.344242358881801
0.000825065183141091,0.69941720775597,0.299757727060889
0.00419458177197911,0.851463652960857,0.144341765267164
0.00615974382453417,0.933177597702065,0.0606626584734012
0.00499545333383742,0.951104205395132,0.0439003412710305
0.000320678193557247,0.965263271004712,0.0344160508017303
0.00115692442529169,0.976845504193184,0.021997571381524
0.000144911814148227,0.980865856816543,0.0189892313693088
0.00174274829139806,0.990588224628034,0.00766902708056824
0.00267899659902841,0.993872736573842,0.00344826682713011
0.00314341111757648,0.996060186125892,0.00079640275653185
0.00171059815715903,0.997753334248972,0.0005360675938694
0.000100456544767898,0.999276701770133,0.000622841685099307
1.25927143000689e-06,0.999721917561244,0.000276823167326189
2.0427402677308e-05,0.999669286502814,0.000310286094508392
0.000449573597302508,0.999340400171156,0.000210026231541721
9.35948270928349e-06,0.998129352782794,0.00186128773449649
8.13748493738521e-07,0.999187827372992,0.00081135887851376
4.56264644295666e-05,0.998991982522317,0.000962391013253953
0.00749665903820016,0.991999067371575,0.000504273590224599
3.53346261008571e-05,0.998110997622055,0.00185366775184444
0.00206577945226748,0.965003650275021,0.0329305702727117
0.336400253177834,0.663432784746461,0.000166962075705019
0.597624077011313,0.402244586039601,0.000131336949085894
0.85490246814783,0.145048452122823,4.90797293470158e-05
4.06853829559271e-05,0.99826255347602,0.00169676114102392
7.54669595932802e-06,0.999524833153418,0.000467620150622317
3.77640354789347e-06,0.999897318739946,9.89048565063826e-05
3.77416778389933e-05,0.999904491339864,5.77669822973248e-05
0.00292062907675265,0.996915094748659,0.000164276174587983
0.00403042337451266,0.995808217148499,0.000161359476988466
0.00650220143951498,0.993327247629507,0.000170550930977858
0.56225999626637,0.437477808623599,0.000262195110031015
0.6688057631872,0.331087042180263,0.000107194632537398
0.776682370349098,0.223206186633983,0.000111443016918882
0.866231633206867,0.133675113082346,9.32537107870073e-05
0.905761517390491,0.0941842294241075,5.4253185401435e-05
0.950956897947271,0.0490285663811473,1.4535671581612e-05
0.00105972383932883,0.896004293214766,0.102935982945905
0.0401951814307275,0.934131743169699,0.0256730753995734
0.0406209868754621,0.959198163036736,0.000180850087801665
0.711476527870501,0.287440387678831,0.00108308445066748
0.00385744685237179,0.95580899938581,0.0403335537618177
0.0352668844155998,0.949167931210022,0.0155651843743778
0.453474055174119,0.543263305204195,0.00326263962168658
0.986953694710285,0.0130243985817503,2.19067079644687e-05
0.845658730232813,0.150850888185681,0.00349038158150587
0.96612808122415,0.033798427456271,7.34913195787061e-05
0.977142745122652,0.0228465480837473,1.07067936005939e-05
0.98360570397527,0.0163898997684728,4.39625625755592e-06
0.65024235100611,0.328892546171947,0.0208651028219434
0.798288651518667,0.195369811687597,0.00634153679373658
0.000351867455795397,0.343460320922864,0.656187811621341
0.00241371215940549,0.344570456929763,0.653015830910832
0.000161776351222315,0.340723115409303,0.659115108239475
0.0850907506127364,0.798839088372003,0.116070161015261
0.0970858983015547,0.814557613341692,0.0883564883567534
0.0254618200694145,0.919918795461701,0.0546193844688847
0.132153081079346,0.851653144456299,0.0161937744643548
0.160984653336241,0.833526413584153,0.00548893307960589
0.690009594464897,0.309343046032983,0.000647359502119987
0.152303997576744,0.846567322895599,0.0011286795276571
0.70730566262704,0.292621343312364,7.29940605959729e-05
0.00500610437863269,0.9443677721509,0.0506261234704671
0.00542632357328239,0.980028004410877,0.0145456720158403
0.041692175369125,0.956639789717013,0.00166803491386214
0.0503508644701433,0.949275524467939,0.000373611061917838
0.0533918027869861,0.946394662013218,0.000213535199795872
0.636180330663242,0.363786427756555,3.32415802029118e-05
0.860026249049913,0.139963908086439,9.84286364732453e-06
0.867524128753022,0.123945985367139,0.00852988587983895
0.413436445884926,0.527899760112032,0.0586637940030425
0.465881162341798,0.510675938553077,0.0234428991051244
0.45286598346739,0.535128137971111,0.0120058785614982
0.40042844854015,0.596018919288911,0.00355263217093824
0.354222430518823,0.644953544764233,0.000824024716943784
0.298626414117373,0.700585770130456,0.000787815752170873
0.105458640266903,0.893724673618601,0.000816686114496197
0.112676892018952,0.886993780059829,0.000329327921218621
0.101366501194458,0.898430779390552,0.000202719414989977
0.0934174371329873,0.905742204909575,0.0008403579574377
0.641577872777371,0.357874907114227,0.000547220108401451
0.901464486267632,0.0984523664327181,8.31472996495768e-05
0.701093105751137,0.288236713147879,0.0106701811009846
0.787620794892678,0.192640471914796,0.0197387331925259
0.922714104795312,0.0723936327744286,0.00489226243025899
0.928967127408285,0.0671495048036326,0.00388336778808242
0.941180728606988,0.0572903631587737,0.00152890823423832
0.950338612726039,0.0490036039336683,0.000657783340292853
0.96775131513265,0.0318755885232938,0.000373096344056568
0.995422182195755,0.00457172796013905,6.08984410599346e-06
0.959829661597246,0.0396583865066442,0.000511951896110181
0.999752580821825,0.000247398322884396,2.08552907978908e-08
0.761291138409437,0.235962856192133,0.00274600539843024
0.84435721812409,0.152827158611337,0.00281562326457369
0.910399245176906,0.0877113673780821,0.00188938744501187
0.937848606997027,0.0607331719608424,0.00141822104213045
0.957935504000252,0.0409316769797611,0.00113281901998654
0.975025575663357,0.0244780124935168,0.00049641184312624
0.977926086375579,0.0216993141226962,0.000374599501724905
0.988135427232476,0.0117864337948069,7.81389727169411e-05
0.984605813198639,0.0152800935078901,0.000114093293471195
0.986277284997373,0.0136598077983502,6.2907204277175e-05
0.9581118316841,0.040397426474471,0.00149074184142888
0.988029263892281,0.0118618191260081,0.00010891698171091
0.81905755588635,0.177217617412679,0.00372482670097131
0.896003644182585,0.101363016703129,0.00263333911428638
0.93513146305211,0.0629659611838745,0.00190257576401541
0.978654687851847,0.0207290450048906,0.000616267143262292
0.986596218166624,0.0132782826776692,0.000125499155707093
0.991593752935328,0.00838414450351422,2.21025611583617e-05
0.981951375967629,0.0177266364458012,0.000321987586569518
0.966576288776353,0.0321943691469244,0.00122934207672279
0.995586917984937,0.00440485054427912,8.23147078437225e-06
0.894974664355827,0.0978022055823341,0.00722313006183849
0.667340287761781,0.329773948883534,0.00288576335468468
0.920267550167073,0.0796297970710244,0.000102652761902189
0.783358849964802,0.212603719554757,0.00403743048044097
0.830014155168014,0.165262208154657,0.00472363667732921
0.84014476871893,0.155652025073355,0.00420320620771495
0.875311648795664,0.119460248344428,0.0052281028599078
0.889762634978338,0.105408708289308,0.00482865673235369
