"closed","widespread","open"
0.787904283317546,0.058216682265199,0.153879034417255
0.895222313608455,0.0312512217212229,0.0735264646703218
0.975693178456818,0.00746742097851585,0.0168394005646657
0.992981052890898,0.0020849018260466,0.00493404528305553
0.996092269809894,0.00123119663118891,0.00267653355891701
0.988056534779265,0.00452119545071632,0.00742226977001887
0.985322841614586,0.00561392592912097,0.00906323245629257
0.982852791411111,0.00669835130107021,0.0104488572878187
0.988201039613214,0.00477140823948851,0.00702755214729784
0.990239434254809,0.00395809880740038,0.00580246693779037
0.967288041177243,0.0126987923210229,0.0200131665017344
0.931679118970729,0.0265649826092116,0.0417558984200598
0.839699341696942,0.0630052017571265,0.0972954565459317
0.448230374808528,0.230105666486928,0.321663958704544
0.382914233637174,0.256924656940297,0.360161109422529
0.362591280486,0.268004981620533,0.369403737893467
0.392130127762139,0.255658209303321,0.35221166293454
0.422172407270832,0.242208160567111,0.335619432162057
0.446205731229692,0.232337470628411,0.321456798141896
0.70441274499209,0.124893805679671,0.170693449328238
0.910100959406138,0.03868141437219,0.0512176262216724
0.933752911710066,0.0281214413582868,0.0381256469316467
0.967936181149576,0.0136491033419557,0.0184147155084686
0.956211561315167,0.0189019123993419,0.0248865262854913
0.948042440012176,0.0222798800073517,0.0296776799804725
0.973300016566579,0.0114138130176422,0.0152861704157785
0.975330434172925,0.010556462221846,0.0141131036052286
0.962564619122106,0.0160711060290231,0.0213642748488709
0.898098934644032,0.0426278543968159,0.0592732109591526
0.793001164210181,0.0874196587614885,0.11957917702833
0.763195619454651,0.0999927314251641,0.136811649120185
0.716624505328106,0.119515126805942,0.163860367865951
0.75518902235638,0.103709504025181,0.141101473618439
0.774356870883531,0.0953060120297756,0.130337117086694
0.730883908272036,0.11375143776859,0.155364653959374
0.893891262662647,0.0409874117384724,0.0651213255988811
0.897920046736956,0.0383296870560349,0.0637502662070089
0.873192854062789,0.054406001852139,0.0724011440850714
0.530278803553171,0.198146880376017,0.271574316070812
0.25177265298072,0.315692897389702,0.432534449629578
0.0268878886077369,0.409099827180623,0.56401228421164
0.554710783419632,0.1873735131554,0.257915703424968
0.464133978992861,0.2230594980403,0.312806522966839
0.386203919292567,0.255332096227033,0.3584639844804
0.211213056583178,0.301052858904626,0.487734084512196
0.0772014448889324,0.37499847945066,0.547800075660408
0.77647881374416,0.0787143025823677,0.144806883673472
0.562477745205864,0.139786046349953,0.297736208444183
0.219250141587296,0.0769088467227327,0.703841011689972
0.216445830669479,0.0752673992833328,0.708286770047188
0.114686827761563,0.0815741882664444,0.803738983971992
0.0554277787911394,0.0720408091862731,0.872531412022588
0.0313082332455328,0.0698999079783617,0.898791858776105
0.0797845430932639,0.0906878074532608,0.829527649453475
0.015073737054107,0.0910361028781635,0.893890160067729
0.205030024350203,0.248763676543372,0.546206299106425
0.1909234517468,0.256178495898437,0.552898052354763
0.712049520386839,0.121478080454207,0.166472399158954
0.786921012415331,0.0901896554719533,0.122889332112716
0.874195616062768,0.0533176853575963,0.072486698579636
0.874043799455256,0.0533835901078133,0.0725726104369312
0.869176740187991,0.0556527840329067,0.0751704757791024
0.294071319098961,0.270562620799259,0.435366060101781
0.0892430803753131,0.339157295643072,0.571599623981615
0.878146841484689,0.0515637403392034,0.070289418176107
0.855550191405533,0.0615238031549614,0.0829260054395059
0.652182305921246,0.146785645841644,0.20103204823711
0.0661985254676467,0.392743934135394,0.541057540396959
0.588720366643337,0.173519510315032,0.237760123041631
0.676461923907389,0.136425650829703,0.187112425262908
0.570855510562697,0.179799925101972,0.24934456433533
0.200037408265765,0.308152437363947,0.491810154370288
0.0549002923376745,0.355333456515281,0.589766251147044
0.00100482838316388,0.370118388684655,0.628876782932182
0.000645280844435514,0.368903507456193,0.630451211699372
0.85855765420687,0.0598361835067349,0.081606162286395
0.809839674003108,0.0804761702244599,0.109684155772432
0.887752854254822,0.0475089111675263,0.0647382345776521
0.83606720789105,0.0694780357652298,0.0944547563437204
0.865632640377893,0.0569537675837579,0.0774135920383487
0.884713115408634,0.0489061602882263,0.0663807243031401
0.982267175275447,0.00768303408508996,0.010049790639463
0.985311654160655,0.00631424377293733,0.00837410206640706
0.980277242510789,0.00843300281962288,0.0112897546695881
0.967442994685592,0.0141902266135556,0.0183667787008523
0.701544877710514,0.126136323309105,0.172318798980381
0.283929223132167,0.301630959527261,0.414439817340573
6.50231502077142e-08,0.342268497863923,0.657731437112926
0.00258480386602027,0.419510128797962,0.577905067336018
0.676475756581409,0.137285054570911,0.18623918884768
0.931067695047079,0.0296955717804768,0.0392367331724448
0.398427434236549,0.252009457599369,0.349563108164082
0.314501057976876,0.287222191368108,0.398276750655015
0.00639629559061729,0.416966626974321,0.576637077435061
0.812636118942461,0.0793370817772741,0.108026799280265
0.528275594389221,0.199334020088084,0.272390385522695
0.655084425201605,0.147619299085845,0.19729627571255
0.423575365138267,0.245085385021499,0.331339249840234
0.968455116296197,0.0135663865953676,0.0179784971084354
0.982098378094326,0.00766752687333558,0.0102340950323389
0.991892286528825,0.00354318196028345,0.00456453151089197
0.999694545853366,7.61823295025484e-05,0.000229271817131217
0.995456052279601,0.0019633992123887,0.00258054850801059
0.999694033058116,7.54240482387887e-05,0.000230542893645434
0.999402517158141,0.000320966727635979,0.000276516114223375
0.993653805283627,0.00274529395678706,0.00360090075958557
0.77456839754178,0.09578829620609,0.12964330625213
0.822443515251408,0.0773893853201461,0.100167099428446
0.866621258462671,0.0567722365253667,0.0766065050119623
0.533337361075748,0.19737192419587,0.269290714728382
0.408006417209142,0.249250532976409,0.342743049814449
0.492220318169013,0.21420386839253,0.293575813438457
0.842606596046568,0.0664972995437734,0.0908961044096591
0.859387710140333,0.0593281506601945,0.0812841391994723
0.956568907858073,0.0184088827537597,0.0250222093881671
0.228898278384548,0.322251725043037,0.448849996572415
0.000831669108587575,0.418864032943378,0.580304297948034
0.858789201626254,0.0602151266453755,0.080995671728371
0.342067020929111,0.266804276139305,0.391128702931584
0.206924011632946,0.295842908216657,0.497233080150397
0.125612887205293,0.342251113664561,0.532135999130147
0.596906636016814,0.169472742131282,0.233620621851904
0.607042375406953,0.165719455617521,0.227238168975527
0.166601833685474,0.347620014257368,0.485778152057158
0.975925564032194,0.0102006484834206,0.013873787484385
0.990762677126731,0.00390361424727327,0.00533370862599604
0.994781971372473,0.00220781427838136,0.00301021434914559
0.993945330870929,0.00256583933953954,0.00348882978953132
0.985754827367941,0.00605173477286862,0.00819343785919101
0.994381811901222,0.00237171486690009,0.00324647323187825
0.993185553151815,0.00286869158138235,0.00394575526680218
0.95898751129881,0.0173446995777529,0.0236677891234373
0.9090362456891,0.0384677565902983,0.0524959977206019
0.885318876284404,0.0498672345455823,0.0648138891700138
0.983424324958636,0.00698650442949955,0.00958917061186422
0.988515134099883,0.00484024468385949,0.00664462121625756
0.469821881651666,0.22276643308882,0.307411685259514
0.335567779067266,0.279120529285017,0.385311691647717
0.370031972857287,0.264472891362918,0.365495135779795
0.400284321182009,0.251884551057432,0.34783112776056
0.679439186007789,0.135287139286237,0.185273674705974
0.684169396812162,0.133432795666039,0.182397807521799
0.659545033914202,0.143667622112023,0.196787343973775
0.460977916857213,0.226298070087613,0.312724013055174
0.393288504038174,0.254761876122271,0.351949619839555
0.247685236038053,0.31596726024853,0.436347503713417
0.0719165823762017,0.390676740934385,0.537406676689413
0.59021114896031,0.173513276323161,0.236275574716529
0.263666661778863,0.301591677095724,0.434741661125413
0.0520257697469313,0.398402378105812,0.549571852147257
0.130212559431538,0.344154865733755,0.525632574834707
0.756925296513027,0.102812373677996,0.140262329808977
0.762384420097101,0.100521335874434,0.137094244028465
0.772074953547095,0.0964704492204716,0.131454597232434
0.914209892495717,0.0363834811725103,0.0494066263317725
0.897808586896411,0.0433056351007294,0.0588857780028592
0.895238992706248,0.0444430662505713,0.0603179410431811
0.30215434703842,0.279684094860702,0.418161558100878
0.265350430378093,0.292749122229032,0.441900447392875
0.342780054882175,0.254464217167033,0.402755727950791
0.283406118131935,0.287965358472088,0.428628523395976
0.325685250828236,0.263030721462877,0.411284027708887
0.436645959897101,0.221197042788909,0.342156997313991
0.293847057973401,0.274033776523503,0.432119165503095
0.328510274018791,0.264673505371728,0.406816220609481
0.362579704687781,0.234543445475449,0.40287684983677
0.361944510380212,0.233630255115476,0.404425234504312
0.312265493054118,0.254497786259455,0.433236720686427
0.195636510376159,0.334580422992643,0.469783066631197
0.16376431100915,0.347295363720949,0.488940325269901
0.127400092970659,0.205228418664475,0.667371488364866
0.465145957657694,0.22514935781023,0.309704684532076
0.48685141311618,0.216014130937192,0.297134455946628
0.434232665316819,0.237790565078216,0.327976769604965
0.413399474738976,0.245569596764125,0.341030928496898
0.607451658091757,0.165473501812543,0.227074840095699
0.59538224322168,0.170734916466845,0.233882840311475
0.548759125722585,0.190137351393653,0.261103522883761
0.491507262293675,0.214549436564628,0.293943301141697
0.58489848286058,0.175533869488142,0.239567647651278
0.445194666747623,0.233889426198885,0.320915907053492
0.530665123123638,0.197980510223466,0.271354366652895
0.345527162568643,0.275371424644887,0.37910141278647
0.590056690990576,0.174058892725941,0.235884416283482
0.358238930711503,0.265542416030328,0.376218653258169
0.173152647510916,0.346132758599211,0.480714593889873
0.101243047830708,0.375288157408726,0.523468794760566
0.549311000481667,0.142439698113303,0.30824930140503
0.54941080710615,0.142372072675599,0.308217120218251
0.613634094288132,0.163737312013246,0.222628593698622
0.332264860003277,0.280399769957229,0.387335370039494
0.223177681556087,0.327287946558186,0.449534371885727
0.303973260314897,0.288528116983099,0.407498622702005
0.444615172326218,0.233715210870727,0.321669616803055
0.557250513045002,0.189669964252445,0.253079522702553
0.135912763396145,0.368833440633457,0.495253795970397
0.399211247326426,0.252165756716239,0.348622995957335
0.573905848144737,0.177864797204038,0.248229354651225
0.577658352859156,0.176259797007463,0.246081850133381
0.556094206773016,0.185791357372198,0.258114435854787
0.724886190389414,0.116053041332746,0.159060768277841
0.641664620973347,0.151077273869163,0.207258105157491
0.220585264734784,0.324473378169981,0.454941357095235
0.845315289040306,0.0652801231202823,0.0894045878394119
0.442882301080257,0.228080685309652,0.329037013610091
0.422505860440439,0.241355107520917,0.336139032038644
0.533138557430306,0.195423800053687,0.271437642516007
0.482328072735083,0.216482892562347,0.30118903470257
0.440454833936388,0.234749457066012,0.3247957089976
0.218246590349566,0.301563919176872,0.480189490473562
0.457701081142769,0.228133477171035,0.314165441686195
0.555580301666051,0.187226488053768,0.25719321028018
0.537532141360005,0.194665622612899,0.267802236027096
0.398146243573796,0.252981702751881,0.348872053674323
0.466989345471094,0.224324355965074,0.308686298563832
0.509968088597422,0.205787882145648,0.28424402925693
0.671084055950301,0.138745037518893,0.190170906530806
0.975292574601948,0.0108873148026159,0.0138201105954359
0.980425700876401,0.00833895096920948,0.0112353481543894
0.976332250218283,0.0101215586806029,0.0135461911011137
0.809334550836918,0.0807981189528685,0.109867330210213
0.974225015286933,0.0110307908644927,0.0147441938485739
0.983057001843243,0.00726422234488019,0.00967877581187703
0.997686895637308,0.00106167453969576,0.00125142982299665
0.99940282472915,0.000266521316011963,0.000330653954838221
0.996623402988125,0.00122523777252523,0.00215135923935023
0.995491717228308,0.00208738449798874,0.00242089827370339
0.922544074162693,0.0334707769139174,0.0439851489233899
0.207287228715228,0.328494630168984,0.464218141115788
0.996596352556374,0.00147611502391167,0.00192753241971447
0.984626315682478,0.0068908352679118,0.00848284904961057
0.998170906976583,0.000802399725318424,0.00102669329809878
0.995949521351893,0.00179398552069793,0.00225649312740921
0.878957755170625,0.05210456427093,0.0689376805584448
0.888986433828045,0.0503749263924908,0.060638639779464
0.964598811567382,0.0159665368313185,0.0194346516012999
0.789853018238386,0.0894402994958248,0.120706682265789
0.810266014517666,0.0820928535721867,0.107641131910147
0.998797239480998,0.000409577363365616,0.00079318315563643
0.99884780735681,0.000365416010394579,0.000786776632795572
0.990983278681031,0.00408321885201599,0.00493350246695316
0.719099288968093,0.112540843641532,0.168359867390374
0.720209863715712,0.112835451075472,0.166954685208816
0.180046377680138,0.354445176493891,0.465508445825971
0.0818244371606511,0.389918524357298,0.528257038482051
0.993225884623971,0.00308258544246123,0.0036915299335679
0.988473305752596,0.00495283077014805,0.00657386347725585
0.950537053888516,0.0213167869775261,0.0281461591339579
0.866005601603821,0.0571608159652604,0.076833582430919
0.960109767457645,0.0170405124199662,0.0228497201223886
0.981102823192756,0.00807890706797142,0.0108182697392723
0.986169198458916,0.00595835027452063,0.00787245126656345
0.988749188865581,0.00484460118846118,0.00640620994595799
0.982260821484379,0.00761533718499664,0.0101238413306247
0.946416816560644,0.0228470581817506,0.0307361252576057
0.818062656005373,0.0772213416479712,0.104716002346656
0.820151604525602,0.0763470130465732,0.103501382427825
0.934319501416809,0.0285867699497918,0.0370937286333991
0.730311967768116,0.114278460386205,0.155409571845679
0.846728091206068,0.0650089366839331,0.0882629721099985
0.814302675151706,0.0785792810299378,0.107118043818357
0.788620211787009,0.0893839134109179,0.121995874802073
0.167851258263114,0.350697401737956,0.48145133999893
0.969008552733417,0.0139775477700271,0.0170138994965557
0.769105241761349,0.097963623904749,0.132931134333902
0.125447705310003,0.31673182137051,0.557820473319487
0.00548638917451058,0.351159250982838,0.643354359842651
0.0963451309505857,0.377639392063777,0.526015476985637
0.497045042110156,0.189190397432895,0.313764560456949
0.170235140254644,0.289888050254868,0.539876809490488
0.821434799750698,0.0756057095834157,0.102959490665886
0.665604876125192,0.141448163185095,0.192946960689714
0.737607567959223,0.112784739571542,0.149607692469235
0.949265462752954,0.0215701604118832,0.029164376835163
0.941454168361041,0.0251986466536615,0.033347184985297
0.930564969381132,0.0296453882825009,0.0397896423363674
0.974346210180003,0.0109369194899344,0.0147168703300622
0.960825008179013,0.0167026904140319,0.0224723014069548
0.965849119922056,0.0145502105120073,0.0196006695659364
0.955128356817771,0.0192876103235582,0.0255840328586712
0.911839782938299,0.0376336880630148,0.0505265289986859
0.815350891892486,0.0783302885506669,0.106318819556848
0.786985451230315,0.0901682269213718,0.122846321848313
0.785550697397409,0.0750727230295963,0.139376579572995
0.786218196682615,0.0747718049225918,0.139009998394793
0.45612375746538,0.229743142922009,0.314133099612611
0.363363119191413,0.26821183074165,0.368425050066937
0.337146745916992,0.279493371716139,0.383359882366869
0.477776755051394,0.220845829334985,0.301377415613621
0.947298355007672,0.0223962165668478,0.0303054284254803
0.93365743278064,0.0284785329028653,0.0378640343164951
0.901943273316832,0.0418979576895093,0.0561587689936582
0.805625458112545,0.0824842294267871,0.111890312460667
0.991620374118417,0.00367743404659228,0.00470219183499042
0.992771460308478,0.00313045383612137,0.00409808585540054
0.956243119505488,0.0191109182037725,0.0246459622907391
0.0643854145629196,0.397476932754558,0.538137652682522
0.936783778143273,0.0273764018472242,0.0358398200095028
0.936747496452117,0.0270755499623152,0.0361769535855676
0.858536358063342,0.06086057927939,0.080603062657268
0.31916726595091,0.283074906882437,0.397757827166653
0.196917215863355,0.31578630227298,0.487296481863666
0.487468605373848,0.214593653947684,0.297937740678467
0.607453075996913,0.165526683626041,0.227020240377047
0.70935232648091,0.122928319756231,0.167719353762858
0.937418822125831,0.0266329022929807,0.0359482755811881
0.999399573376163,0.000275177786583319,0.000325248837253478
0.99915196689736,0.000378323750942305,0.000469709351697561
0.998705780203246,0.000616703859680835,0.000677515937073626
0.968660610588694,0.0136465500243136,0.0176928393869925
0.994976637384159,0.00217249511351677,0.00285086750232431
0.984003129478888,0.00716706322966821,0.00882980729144343
0.0813388521984807,0.390454533613579,0.52820661418794
0.976869551203022,0.0105626626047922,0.0125677861921852
0.910505872916923,0.0510955622404064,0.0383985648426702
0.999523827998273,0.000220720986472528,0.000255451015254764
0.998797518029748,0.000550414538821915,0.000652067431429937
0.991533512513127,0.00364974037922503,0.00481674710764771
0.94008272748919,0.0259442756213101,0.0339729968895002
0.953356405359516,0.0199078196843712,0.0267357749561126
0.875538717449378,0.0535290517566139,0.0709322307940081
0.771464825338264,0.0975954734030203,0.130939701258716
0.795044512102257,0.0917123590149054,0.113243128882838
0.990258077449758,0.00418307327942296,0.00555884927081903
0.976770740777733,0.0102700411167776,0.0129592181054897
0.983566234103304,0.00733822076113151,0.00909554513556432
0.0945622519134706,0.376968242142167,0.528469505944362
0.279124234930511,0.278303129096422,0.442572635973067
0.468697808639924,0.223071294689011,0.308230896671065
0.458474210076258,0.22710382544274,0.314421964481002
0.382615715070143,0.257362065110749,0.360022219819107
0.445892598253852,0.233431178287842,0.320676223458306
0.5384384128125,0.195177571753945,0.266384015433554
0.660509815028201,0.145323949628967,0.194166235342832
0.179330812742982,0.298013007096048,0.52265618016097
0.418629084991045,0.243544159647876,0.337826755361079
0.310587740847861,0.287099495679653,0.402312763472485
0.533355609821741,0.195675934261104,0.270968455917155
0.784726774562494,0.0910594151287235,0.124213810308783
0.915674062308413,0.0357578039317879,0.0485681337597991
0.991115382280494,0.00383346608320014,0.00505115163630556
0.981058755603044,0.00843132798033727,0.0105099164166185
0.713296267990103,0.121957030158173,0.164746701851725
0.430504242108203,0.234908199918512,0.334587557973285
0.455003600235952,0.228819112552575,0.316177287211473
0.271721837558278,0.305509405965962,0.422768756475761
0.409437304627089,0.201493397416281,0.38906929795663
0.511448148754811,0.205404531402386,0.283147319842803
0.356658558507047,0.270037692171947,0.373303749321005
0.757078957742877,0.102666704888645,0.140254337368478
0.781739918986722,0.0923617282638481,0.12589835274943
0.778605076053825,0.093596417643767,0.127798506302408
0.778490661637586,0.0935348058862696,0.127974532476145
0.703847890153052,0.125172791884139,0.170979317962809
0.638859524847785,0.152359443657066,0.208781031495149
0.428593554630228,0.240662475347899,0.330743970021873
0.548760120221234,0.190821237481603,0.260418642297163
0.983358650178621,0.00721813685480458,0.00942321296657398
0.998063220324958,0.000844740959038311,0.00109203871600371
0.704480005066794,0.124773986614979,0.170746008318227
0.692218621031224,0.129794036389255,0.17798734257952
0.593653190559291,0.171363985388768,0.234982824051941
0.0532752447466017,0.398035501851665,0.548689253401734
0.605723158126319,0.166497523614134,0.227779318259547
0.675599939995379,0.136747902279726,0.187652157724895
0.784663025329976,0.0909415645133328,0.124395410156691
0.995490197550907,0.00200210975340551,0.00250769269568718
0.999137759285678,0.000380579932302844,0.000481660782019331
0.603431727002517,0.16689131596957,0.229676957027912
0.282223780678236,0.291191054713071,0.426585164608692
0.274096995303976,0.293718967308052,0.432184037387972
0.308964415478376,0.289608480646525,0.401427103875098
0.0826565142039804,0.385712806260061,0.531630679535959
0.421640552904951,0.243633379404195,0.334726067690854
0.196993316264178,0.295267220628593,0.507739463107229
0.371498953166627,0.261498672358363,0.367002374475009
0.217896812104792,0.308592720112117,0.473510467783091
0.387521753445347,0.254255302642226,0.358222943912427
0.373564473990013,0.252058940523572,0.374376585486414
0.371080445437633,0.253602666666,0.375316887896367
0.575574007844938,0.17871133511682,0.245714657038242
0.641015169548657,0.149549020317585,0.209435810133758
0.644467438468921,0.147971258599041,0.207561302932038
0.556062642023153,0.187191118111308,0.256746239865539
0.494657935703026,0.2125365871857,0.292805477111274
0.116263661080454,0.263723183009432,0.620013155910114
2.61495584356292e-06,0.108546267376071,0.891451117668086
0.206461375973052,0.253228276793222,0.540310347233726
0.0514239207989253,0.235824416151697,0.712751663049378
3.00331700189643e-07,0.0445503150666087,0.955449384601691
0.37808421575332,0.258985181070844,0.362930603175836
0.344614091677789,0.275655628330003,0.379730279992208
0.385584695341014,0.258556653199637,0.355858651459349
0.561910949408959,0.185043539595818,0.253045510995223
0.000171515192912069,0.412868282899673,0.586960201907415
0.365020799439086,0.258785929905461,0.376193270655453
0.0277220963387776,0.0982286243374535,0.874049279323769
0.423831495420461,0.21563824943886,0.360530255140678
0.323538324504001,0.248145133536729,0.428316541959269
0.700773246449715,0.125005369966077,0.174221383584207
0.569566913476612,0.179683074417415,0.250750012105973
0.390467449876308,0.249486955298086,0.360045594825606
0.742091550476225,0.107546565932917,0.150361883590858
0.665150869182825,0.137785909750723,0.197063221066452
0.375183911941525,0.260732504466655,0.36408358359182
0.405885145237355,0.2492866771708,0.344828177591846
0.376214967398979,0.261830333913637,0.361954698687384
0.355411543560413,0.268414801612009,0.376173654827578
0.327071436607347,0.279258335469232,0.393670227923421
0.434210028540298,0.237373862105901,0.328416109353801
0.636590460880205,0.153350759087169,0.210058780032626
0.810876869088407,0.0800699355025993,0.109053195408994
0.847457955719408,0.0646084449494791,0.0879335993311128
0.96218216062819,0.0158448839751358,0.0219729553966741
0.962874017829629,0.0155168099821331,0.0216091721882381
0.960758403437684,0.0168169461662468,0.0224246503960698
0.942014574005666,0.0247198235598391,0.0332656024344951
0.727075366619208,0.115411549882053,0.157513083498738
0.729456609109282,0.114236888860092,0.156306502030626
0.759995150023824,0.101519911641365,0.138484938334811
0.847521807380439,0.0647479498646703,0.087730242754891
0.900576385867351,0.0423870420063427,0.0570365721263058
0.930855725563103,0.0296041906784116,0.0395400837584858
0.970374490160324,0.0124437807462136,0.0171817290934623
0.956380133617703,0.0187950332810729,0.0248248331012238
0.796036317617926,0.0878727185859905,0.116090963796083
0.631198856751243,0.157520936074234,0.211280207174523
0.965503784857664,0.0150296273738698,0.0194665877684658
0.860389110578637,0.0593965999085936,0.0802142895127694
0.0304165533002847,0.407058995762942,0.562524450936774
0.174733433673141,0.347435439539514,0.477831126787345
0.117280517509382,0.371684112791214,0.511035369699404
0.585009086474432,0.174494959996376,0.240495953529192
0.671793119590045,0.138891890763703,0.189314989646253
0.651069179676385,0.147174672225864,0.201756148097751
0.737915683273689,0.115009480787351,0.14707483593896
0.885558458378521,0.0487567058757754,0.0656848357457032
0.408613126494334,0.248571077630927,0.342815795874739
0.358754951684763,0.265803883820681,0.375441164494556
0.447479267816513,0.229180889246716,0.323339842936771
0.52869076430745,0.196234293159274,0.275074942533276
0.296724468931542,0.295498251513047,0.407777279555411
0.0748754091835167,0.388994098859892,0.536130491956592
0.896350346382835,0.0439255507945963,0.0597241028225685
0.900415328366218,0.0421527127444399,0.0574319588893417
0.937492169235727,0.0264152419153321,0.0360925888489412
0.94729550651264,0.0222575156721235,0.0304469778152359
0.989104005558938,0.00463992310598558,0.00625607133507685
0.354105883245681,0.267483842564285,0.378410274190034
0.334464604135633,0.273281108178362,0.392254287686005
0.666809765688502,0.152052091532596,0.181138142778902
0.200929812716003,0.213881551898393,0.585188635385604
0.737286420131467,0.110984758557753,0.15172882131078
0.755930134360463,0.10304282473957,0.141027040899967
0.62143122886585,0.159598878203475,0.218969892930675
0.00112536426088145,0.420636240983644,0.578238394755474
0.659293509133202,0.143841836662566,0.196864654204232
0.450589604045904,0.229090492916463,0.320319903037633
0.461244583169214,0.225587378961363,0.313168037869424
0.612609776147332,0.163090185621465,0.224300038231204
0.550348897115976,0.189215020594192,0.260436082289833
0.501684416035111,0.209450117695212,0.288865466269677
0.655024250147692,0.148276146486254,0.196699603366053
0.952748247975132,0.0200600455035483,0.0271917065213198
0.50205542648056,0.209353386049832,0.288591187469608
0.559166023698659,0.185251857772959,0.255582118528382
0.583099088038685,0.175638649061027,0.241262262900288
0.470567119515105,0.223008703502207,0.306424176982688
0.322255597190868,0.284280941244769,0.393463461564363
0.291730480928436,0.295769440610197,0.412500078461367
0.527621344454371,0.199197521574157,0.273181133971472
0.571831158833662,0.180657016556875,0.247511824609463
0.573134461127134,0.180113821122447,0.246751717750419
0.585544171697223,0.174996575268561,0.239459253034216
0.42502380451177,0.241107157699802,0.333869037788428
0.79150938257163,0.0881776987156635,0.120312918712706
0.735366229447242,0.11193111607088,0.152702654481878
0.0384399089848535,0.405126316960448,0.556433774054698
0.751175664920424,0.105456335064332,0.143368000015244
0.92605908794326,0.0313539428511259,0.0425869692056138
0.256796896551304,0.253066573236608,0.490136530212088
0.138476512919838,0.215983066432171,0.645540420647991
0.356693150100623,0.199089888264407,0.44421696163497
0.374505333337032,0.234533852189737,0.390960814473231
0.268184877948073,0.179062076532969,0.552753045518958
0.272242583265951,0.16983529333518,0.557922123398869
0.252830308264975,0.1755686874506,0.571601004284425
0.0576994731469485,0.0745169739840387,0.867783552869013
0.0327839352936311,0.04335292272845,0.923863141977919
0.0282910715794603,0.0389229055165985,0.932786022903941
0.0445258874155276,0.0608255947697094,0.894648517814763
0.199173235263281,0.225651996873545,0.575174767863174
0.187316507478595,0.312777250834147,0.499906241687257
0.154236915298685,0.328105958366499,0.517657126334816
0.0355110703541202,0.349919026315605,0.614569903330275
0.0508820219632137,0.088975850176846,0.86014212785994
0.296112319805579,0.289687922321603,0.414199757872818
0.437052252619717,0.233373733672228,0.329574013708054
0.560525175674996,0.184790592915433,0.254684231409571
0.329440845489286,0.280312936493234,0.390246218017481
0.576427075650025,0.177426817223196,0.246146107126779
0.783144014679811,0.0916585992636529,0.125197386056536
0.805225370038086,0.0823739044257651,0.112400725536148
0.794745120831823,0.0867774307026571,0.11847744846552
0.722725408405217,0.117116357751211,0.160158233843572
0.748321831157441,0.106257036243966,0.145421132598593
0.536166503736564,0.195585139634821,0.268248356628615
0.363045120197723,0.267269115754715,0.369685764047562
0.359046909578022,0.268536873807542,0.372416216614437
0.0752501418200129,0.386654061749338,0.538095796430649
0.0334340248173346,0.404598727257104,0.561967247925561
0.750384478269231,0.105272970308284,0.144342551422485
0.756147174592605,0.102847056126473,0.141005769280922
0.576815762965009,0.177455051303419,0.245729185731572
0.523498175880554,0.200075651980629,0.276426172138816
0.419715919347187,0.244432369868947,0.335851710783867
0.0357472794310551,0.405671602494834,0.558581118074111
0.691682760754187,0.129387909965601,0.178929329280213
0.512965768881257,0.201411279847301,0.285622951271442
0.274821084711098,0.248466207540506,0.476712707748397
0.957464947049927,0.018146561715027,0.0243884912350457
0.681149453305385,0.133571827230098,0.185278719464517
0.506018294072758,0.208639326915388,0.285342379011854
0.741998259046022,0.10882488135198,0.149176859601998
0.761433890999779,0.100685244375413,0.137880864624808
0.764268566191616,0.0995460771377402,0.136185356670644
0.748939752831959,0.106176223846529,0.144884023321512
0.979073514612793,0.00897568431481453,0.011950801072393
0.634873494465493,0.154208553763604,0.210917951770903
0.862749353189162,0.0577965398920833,0.0794541069187543
0.00357605107036702,0.181395154633585,0.815028794296048
0.623131849498344,0.158714890583069,0.218153259918587
0.774036690922503,0.0950527257474397,0.130910583330057
0.325093026272854,0.282723782933415,0.392183190793731
0.710609421507806,0.122043708586166,0.167346869906028
0.709142934290368,0.122514278714672,0.16834278699496
0.802506303870757,0.0842833915575653,0.113210304571678
0.879385180566067,0.0525578081387744,0.0680570112951583
0.973207873880085,0.0115025241320608,0.015289601987854
0.958040833574955,0.0220301512745587,0.0199290151504866
0.350937156125913,0.253229710454022,0.395833133420065
0.414102572204811,0.244957405024043,0.340940022771146
0.106370454982898,0.368593219680625,0.525036325336477
0.776629712454642,0.0938084682425297,0.129561819302829
0.563850196660118,0.181416120115989,0.254733683223893
0.570545223270921,0.178611247672504,0.250843529056575
0.348054701219637,0.269877715005847,0.382067583774515
0.230961333825759,0.321048320913202,0.447990345261038
0.147223394908501,0.354128250061344,0.498648355030155
0.0464649146932369,0.397679190429349,0.555855894877414
0.320113046583675,0.277167676649582,0.402719276766743
0.932519171474381,0.0281509010695842,0.0393299274560346
0.505851441940287,0.201038019399371,0.293110538660342
0.532306505556681,0.190703031063383,0.276990463379935
0.341158467863724,0.269091168302275,0.389750363834001
0.406725871904002,0.241058576071179,0.352215552024818
0.433234280245413,0.230270916030765,0.336494803723822
0.265958656141162,0.296030722108172,0.438010621750666
0.23174613413475,0.310740175151355,0.457513690713895
0.000808124609283073,0.418152438887303,0.581039436503414
0.645291001647572,0.143890093227424,0.210818905125004
0.600849698250579,0.16025136465938,0.238898937090041
0.119105183489801,0.27015325423802,0.61074156227218
0.0781184277284772,0.297697571106723,0.624184001164799
0.589930723840097,0.155422327110691,0.254646949049213
0.602024683018844,0.157213133276799,0.240762183704356
0.557377089305497,0.184442301486523,0.25818060920798
0.545331976537908,0.190237868581154,0.264430154880937
0.635876792371645,0.153389684386105,0.21073352324225
0.792994133628651,0.0875490893232671,0.119456777048082
0.819540919813215,0.0762371506901457,0.104221929496639
0.873144287669586,0.0536774842212073,0.0731782281092072
0.856546867436363,0.0607720669494526,0.0826810656141847
0.820232592823237,0.076011052433228,0.103756354743535
0.928385016537942,0.0306670765383477,0.0409479069237102
0.934296550798589,0.0280079836853699,0.0376954655160417
0.956489423425194,0.0185163228308598,0.0249942537439459
0.940046433820669,0.0255574173831223,0.0343961487962087
0.834890806711114,0.0698321650855785,0.0952770282033077
0.834307225092958,0.0701419002354035,0.0955508746716386
0.77833418685778,0.0941156927382477,0.127550120403973
0.321772969565417,0.280453524022344,0.39777350641224
0.274075081097557,0.292874114984275,0.433050803918168
0.450230571327904,0.227498077490719,0.322271351181377
0.138896096591068,0.256845115666692,0.60425878774224
0.131248809068884,0.347359875913204,0.521391315017912
0.446136188594457,0.233087820299987,0.320775991105557
0.507342758747574,0.207529479700654,0.285127761551771
0.52208618544573,0.200806108488075,0.277107706066195
0.53036650193166,0.197809576957853,0.271823921110487
0.258713949381869,0.312035382140011,0.42925066847812
0.239997174413151,0.318066234516742,0.441936591070107
0.166970610417205,0.345452946865838,0.487576442716957
0.579827407483468,0.176819180388655,0.243353412127877
0.776550545122821,0.0944030461894946,0.129046408687685
0.79406778053436,0.0869980569349427,0.118934162530698
0.704732439847081,0.124942930284683,0.170324629868236
0.551902425831123,0.188979502072579,0.259118072096297
0.362519018310863,0.268275623244552,0.369205358444585
0.327709056996478,0.281988104906661,0.390302838096861
0.301011828667691,0.293372726778095,0.405615444554214
0.0373071104364438,0.40478975832815,0.557903131235406
0.675737003638059,0.137042449626831,0.187220546735111
0.595200100352482,0.170830017135348,0.23396988251217
0.598754913029765,0.169350869923508,0.231894217046727
0.767151888422162,0.09828098326295,0.134567128314888
0.723585035408584,0.11684226387682,0.159572700714597
0.418622486437411,0.237733992102641,0.343643521459948
0.230390374354934,0.301951592133548,0.467658033511517
0.318482326952093,0.271698922541146,0.40981875050676
0.0888758296464129,0.1491538726004,0.761970297753188
0.743983298372866,0.107551918252239,0.148464783374895
0.678656589378994,0.134718734909469,0.186624675711537
0.806145765715175,0.0819149662238512,0.111939268060974
0.834135625081885,0.070186478132611,0.0956778967855036
0.852560136245005,0.0624069335112822,0.085032930243713
0.922323906318869,0.033184903980227,0.0444911897009042
0.979690986686174,0.00872798582960398,0.0115810274842222
0.980761400848232,0.00817188528392437,0.0110667138678434
0.940777704543529,0.0252780621208028,0.0339442333356679
0.957433003641117,0.0181143594038211,0.024452636955062
0.945821334852449,0.023090535457848,0.0310881296897029
0.946782063118387,0.0226035705846476,0.030614366296965
0.910227434281003,0.0382166074518919,0.0515559582671048
0.0362971368950476,0.403920175432535,0.559782687672418
0.897685264106208,0.0432854734789821,0.0590292624148096
0.866921656340562,0.0563456583674843,0.0767326852919536
0.780909081716223,0.0929020428785103,0.126188875405267
0.972114368161894,0.0137225386500881,0.014163093188018
0.987606620387999,0.00528622983002359,0.00710714978197718
0.703141613433177,0.124969613209501,0.171888773357322
0.93190450757537,0.0291827977913836,0.0389126946332464
0.895398081501754,0.0450022967241659,0.0595996217740798
0.561226963739521,0.184943485450469,0.253829550810009
0.0704280041573372,0.391081714251113,0.53849028159155
5.37481426560559e-05,0.399132064639026,0.600814187218318
0.540504019921532,0.194246674160635,0.265249305917833
0.780319606280949,0.0927760925662805,0.126904301152771
0.831555855798682,0.0710478931365048,0.0973962510648135
0.619597328256436,0.160309549339143,0.220093122404421
0.303536873191689,0.291405971474013,0.405057155334298
0.869504720694555,0.0553456940347229,0.0751495852707226
0.859165057031942,0.0595434909972918,0.0812914519707664
0.891428294960026,0.0459935397675416,0.0625781652724322
0.897710465992565,0.0433273660652876,0.0589621679421474
0.906610559724617,0.0395985330192866,0.0537909072560964
0.901511758565848,0.0419229380452977,0.0565653033888544
0.733789212850983,0.112504973049824,0.153705814099193
0.728084746852061,0.115108480149242,0.156806772998697
0.801898852321112,0.0871297042918858,0.110971443387002
0.774070978445966,0.103950648284603,0.121978373269431
0.814735747464005,0.0786877271037204,0.106576525432274
0.703059405289261,0.125301172250405,0.171639422460334
0.582916189814853,0.176110626848005,0.240973183337142
0.317692761570812,0.274317380194337,0.407989858234851
0.654997815267523,0.14514500216357,0.199857182568907
0.606266569341326,0.166139602392049,0.227593828266624
0.625302674980345,0.157945975666798,0.216751349352857
0.180629837711558,0.345303464248595,0.474066698039847
0.11884479200525,0.303309276868923,0.577845931125827
0.0471335254167043,0.320884346488755,0.631982128094541
0.350829111407612,0.206087135853117,0.443083752739271
0.245176035461862,0.225284131946556,0.529539832591582
0.447783021828269,0.232344197439377,0.319872780732354
0.71066235171734,0.122081746813268,0.167255901469392
0.499523737869739,0.209828183878808,0.290648078251453
0.583649853951042,0.175550204051428,0.24079994199753
0.596657995574887,0.170247195023103,0.23309480940201
0.373183191541051,0.264452080674285,0.362364727784664
0.940761741450256,0.0251487366611391,0.0340895218886053
0.31633638214116,0.2869311690163,0.39673244884254
0.183805049695981,0.335524759878562,0.480670190425457
0.107348856436348,0.368487869283855,0.524163274279797
0.207678921820831,0.332684764526579,0.459636313652591
0.494418995784664,0.212810357191302,0.292770647024033
0.286478254382324,0.299064900014751,0.414456845602925
0.493004682442251,0.21420178823457,0.292793529323178
0.201601416113125,0.290748172147507,0.507650411739368
0.203089713570382,0.263674199946319,0.533236086483299
0.184132103570514,0.272710517618506,0.54315737881098
0.365620802046731,0.263556514530898,0.370822683422371
0.433811348599087,0.237837618262953,0.32835103313796
0.152100482980999,0.259435443335221,0.588464073683779
0.744808790479233,0.108152560343287,0.14703864917748
0.571481739678407,0.179459785149551,0.249058475172041
0.685417104351889,0.132480520536437,0.182102375111674
0.839406437705382,0.0675755414986289,0.0930180207959889
0.826524121299562,0.071997424171205,0.101478454529233
0.792405338304976,0.0847858721934173,0.122808789501607
0.653729051207561,0.118343518393655,0.227927430398784
0.540373941925586,0.161435719274235,0.298190338800179
0.26845703980201,0.26929867754362,0.462244282654371
0.173903981785437,0.264180421497815,0.561915596716748
0.113503991971086,0.274350183591075,0.612145824437839
0.075202362084125,0.364033394654357,0.560764243261518
0.0252426550106129,0.373812519957093,0.600944825032294
0.166938960530797,0.214923602089415,0.618137437379787
0.110426373233485,0.216159248459433,0.673414378307081
0.547361618857846,0.152256509561216,0.300381871580938
0.699774946879996,0.124432887238885,0.175792165881119
0.202075565261598,0.319024071649486,0.478900363088916
0.119302542894849,0.356144129061155,0.524553328043996
0.744629799706255,0.107765010649364,0.147605189644381
0.716876768949679,0.11967548226692,0.163447748783401
0.428385353743505,0.24045304379042,0.331161602466075
0.00325317884051623,0.417703339548466,0.579043481611018
0.331398285653111,0.280680703756463,0.387921010590426
0.215971340930524,0.324579970565361,0.459448688504114
0.179986277087934,0.328192448430651,0.491821274481415
0.482392186894941,0.218028943523417,0.299578869581642
0.246091742477785,0.316445394006125,0.43746286351609
0.0637568784567774,0.390957715716633,0.54528540582659
0.364705060218308,0.250836722901347,0.384458216880345
0.211987734899427,0.306091434422584,0.481920830677989
0.192440420917486,0.330514582643417,0.477044996439096
0.183374658165303,0.337359902807465,0.479265439027232
0.178131877259585,0.341635646376066,0.480232476364349
0.0266963886414851,0.383921160354938,0.589382451003577
0.219227883648129,0.267603600042935,0.513168516308936
0.228397280873035,0.241504712251255,0.53009800687571
0.246154483273124,0.214584739143483,0.539260777583393
0.177857784739957,0.201669224616587,0.620472990643456
0.0582459104227397,0.211696935820519,0.730057153756741
0.206271433747911,0.232350020400839,0.56137854585125
0.129592166002861,0.307079262323544,0.563328571673595
0.0342740681908544,0.375932838091722,0.589793093717424
0.324298951739612,0.269624664267749,0.406076383992639
0.329042814447435,0.264745822940759,0.406211362611806
0.39986302158179,0.238920730156515,0.361216248261695
0.699120820682137,0.126657558447102,0.174221620870761
