"closed","widespread","open"
0.385354975306608,0.225503432317253,0.389141592376139
0.459554557992448,0.128897531803171,0.411547910204381
0.462472304568824,0.13992657460623,0.397601120824946
0.480817032835654,0.218962013538118,0.300220953626229
0.559375731781073,0.175011976693018,0.265612291525909
0.611130604500093,0.142439591780245,0.246429803719662
0.629042876844204,0.134565610085744,0.236391513070052
0.647645514427457,0.136739266693694,0.215615218878848
0.643673747489531,0.183423128494505,0.172903124015964
0.676982703018521,0.168340165963518,0.154677131017961
0.720366516861904,0.137404003239024,0.142229479899072
0.773673750109391,0.128751499160021,0.0975747507305884
0.837965574433409,0.0842334333605422,0.0778009922060488
0.853527454091005,0.0698655223316555,0.0766070235773398
0.853822492837662,0.0732744208640023,0.0729030862983361
0.841703387817934,0.0892621684061385,0.0690344437759276
0.793889119034766,0.146359721254024,0.0597511597112102
0.775356184108206,0.157470354134352,0.0671734617574419
0.686404473921246,0.205447975433254,0.1081475506455
0.553282480224667,0.269382297544336,0.177335222230998
0.133145621626271,0.312232054858407,0.554622323515322
0.0280638111023966,0.162544827897952,0.809391360999651
0.000192320739155659,0.0138460315593478,0.985961647701497
8.83706825376268e-05,0.00882503650556973,0.991086592811893
1.32548175810922e-05,0.00318951962667512,0.996797225555744
8.70082755433575e-07,0.000913115388469631,0.999086014528775
7.56977295758445e-07,0.00110131161439839,0.998897931408306
1.40517346461574e-05,0.00461971334109686,0.995366234924257
0.0169953806190112,0.162554720085071,0.820449899295918
0.0179877541574857,0.16623557001379,0.815776675828725
0.448156726244181,0.361124072426696,0.190719201329123
0.554807275023791,0.305296940907456,0.139895784068753
0.553904669702027,0.302575928893744,0.143519401404229
0.23930569964275,0.36161563809016,0.39907866226709
0.038842356581517,0.313412303891207,0.647745339527276
0.000562231308516521,0.0338821251638692,0.965555643527614
5.51867123575413e-05,0.0143099834309462,0.985634829856696
2.58107962343164e-05,0.0344597181389086,0.965514471064857
7.3272077427614e-09,0.000199422103355437,0.999800570569437
0.281806606245235,0.373348145014143,0.344845248740623
0.663716582864672,0.321895516795015,0.0143879003403132
0.664275063880917,0.333632375712698,0.00209256040638499
0.652163057399246,0.252275446487055,0.0955614961136991
0.707821536431961,0.238118906903763,0.054059556664276
0.828137275072439,0.15671361797382,0.0151491069537401
0.804117676164239,0.189286500839351,0.0065958229964097
0.659779710822497,0.249759449171741,0.0904608400057618
0.596336757447745,0.288072404596726,0.11559083795553
0.68644351988076,0.298272030801823,0.0152844493174165
0.894533472639888,0.0992467271314559,0.00621980022865611
0.944515382072669,0.0536536847970605,0.00183093313027025
0.923252883154727,0.0739406037733388,0.0028065130719343
0.832486610136706,0.158893117543371,0.00862027231992314
0.166962200840392,0.680021141291473,0.153016657868134
0.949605431108758,0.0498636113041108,0.000530957587131377
0.925495054179622,0.0739836872959386,0.000521258524439737
0.920582753755927,0.0790650812626604,0.000352164981412927
0.986063504351561,0.0139070023318896,2.9493316549051e-05
0.959578323597669,0.0393621202600765,0.00105955614225488
0.982571715671965,0.0172759059052243,0.000152378422810817
0.975378837408324,0.0244740429855847,0.000147119606091406
0.877257912059402,0.12241813095968,0.0003239569809187
0.993465306828771,0.00652095978080728,1.37333904212675e-05
0.00597610649630222,0.0778050649438274,0.91621882855987
0.00307334053642973,0.0483017777482306,0.94862488171534
0.00072549482842372,0.0247727810468649,0.974501724124711
0.000588416831126082,0.0321423630854164,0.967269220083458
0.000292005319113042,0.0220565548130937,0.977651439867793
0.000600923089809136,0.060048090780993,0.939350986129198
0.00678150117416694,0.0889450009804962,0.904273497845337
0.00155087135641473,0.0365820659635237,0.961867062680062
3.14423168207226e-05,0.00582865758927695,0.994139900093902
0.000129666863748304,0.0111049889175856,0.988765344218666
0.906001195979951,0.0894592884813281,0.00453951553872048
0.942709278525447,0.0552246831556227,0.00206603831893054
0.992128016139596,0.00784441616746838,2.75676929351733e-05
0.994902431517965,0.00508654220464456,1.10262773900639e-05
1.61928365370851e-05,0.00400807206146644,0.995975735101997
2.36265628522726e-05,0.00504021026077186,0.994936163176376
0.000207575923781579,0.0166830907414885,0.98310933333473
0.00011283898098027,0.0120628941974748,0.987824266821545
2.38846283708321e-05,0.00538187200854655,0.994594243363083
2.61989095788605e-05,0.00564636059826864,0.994327440492152
2.81727249933171e-05,0.00534293872560244,0.994628888549404
0.000799075910066781,0.0267217413247656,0.972479182765168
5.35592908941418e-05,0.009395745930619,0.990550694778487
7.75999828518925e-05,0.0107109934978579,0.98921140651929
6.10878733796973e-05,0.00891236405659649,0.991026548070024
5.43709922359682e-05,0.00825605168455861,0.991689577323205
8.83410371263125e-05,0.0100613917670293,0.989850267195844
7.8292824227812e-05,0.0090345636113683,0.990887143564404
0.00152088165282629,0.0372049630047212,0.961274155342453
6.46437154288721e-05,0.00975143523367106,0.9901839210509
8.07385740221822e-05,0.0102453448142598,0.989673916611718
7.27361776089906e-06,0.00295036136790726,0.997042365014332
1.87301172885085e-06,0.00165019215779814,0.998347934830473
6.23756037376478e-07,0.00109152252100311,0.99890785372296
2.40464464943224e-06,0.0019468566309803,0.99805073872437
2.73663819632068e-06,0.00206594336566819,0.997931319996135
9.80357385408515e-07,0.0011585132759454,0.998840506366669
0.0019278034453788,0.0449778715405469,0.953094325014074
0.000225352700093034,0.0146366906882545,0.985137956611652
0.000858974766537906,0.0300323457247007,0.969108679508761
0.000900623743339912,0.029700786705989,0.969398589550671
0.000255793118000103,0.0158372832478824,0.983906923634117
0.209657678086383,0.367468645174337,0.422873676739279
0.418356027088754,0.383875962844941,0.197768010066305
0.459143746237912,0.383448837367648,0.157407416394441
0.0432712681710094,0.308628126874445,0.648100604954546
0.000104456613528637,0.0122009100399395,0.987694633346532
0.000335569803189598,0.0192489536039796,0.980415476592831
0.00183789441242537,0.037378534211912,0.960783571375663
0.0131392029728124,0.0995334565176723,0.887327340509515
0.0468212689063755,0.217122613058369,0.736056118035256
0.0383668238956671,0.208503946826932,0.753129229277401
0.00261317193060096,0.116589543063732,0.880797285005667
0.00132823014076366,0.141631268951026,0.85704050090821
0.00114769358356834,0.14194286892859,0.856909437487842
2.94578415054021e-05,0.00810193493651376,0.991868607221981
4.50319913186685e-09,9.56268344868078e-05,0.999904368662314
0.0239641662326366,0.153262630571364,0.822773203195999
0.0322422004546799,0.175325922240472,0.792431877304848
0.00129418841629409,0.0407556013863724,0.957950210197334
9.99766129706194e-05,0.0104728029657019,0.989427220421327
0.000452327207459524,0.0283305935299634,0.971217079262577
0.000246202349781484,0.0205449825838546,0.979208815066364
0.000416188287294248,0.0385077271521217,0.961076084560584
1.07989512667004e-05,0.00371226178983181,0.996276939258901
1.55644883782473e-06,0.00151621457646172,0.9984822289747
2.67642821569372e-06,0.00197239591046899,0.998024927661315
0.00505690768114738,0.96887662848478,0.0260664638340729
0.00154031348986815,0.0428158527673352,0.955643833742797
0.00136483515997889,0.0357619461597712,0.96287321868025
0.0017200835137828,0.0500305505533414,0.948249365932876
0.0024941400597118,0.168850255279238,0.82865560466105
0.0017069244090664,0.166180061620403,0.83211301397053
0.0291124205570409,0.137180406051834,0.833707173391125
0.0118293104316674,0.0815509214604126,0.90661976810792
0.108642718631469,0.26632904173125,0.62502823963728
0.621119532699334,0.225267972547058,0.153612494753608
0.632057211744921,0.218547429042972,0.149395359212107
0.691923567991146,0.208359232369437,0.099717199639417
0.714946758414938,0.213305679138218,0.0717475624468438
0.814253227549521,0.156842719219019,0.0289040532314605
0.947612100570282,0.0506404160485163,0.00174748338120224
0.979386755852586,0.020409673233456,0.0002035709139584
0.988757913771314,0.0111948789442988,4.72072843874202e-05
0.994127761406471,0.00585983397303583,1.24046204928777e-05
0.99604945170845,0.00394710907626568,3.43921528436553e-06
0.997521956653193,0.00247669497831779,1.34836848917551e-06
0.994236239055086,0.00575511614599665,8.64479891735918e-06
0.996497944082343,0.00349890936838953,3.14654926715096e-06
0.999570416730149,0.000429545605313621,3.76645369998554e-08
0.999319301314448,0.000680587252632445,1.11432919218972e-07
0.993884129776069,0.00610564838816265,1.02218357686228e-05
0.994366021078546,0.00562494947068827,9.02945076595614e-06
0.907673402131188,0.0913844932945137,0.000942104574298191
0.820323566842852,0.178181850090084,0.00149458306706357
0.954416609123347,0.0450669436048959,0.00051644727175693
0.944232818287083,0.0551425034037573,0.000624678309159505
0.903489491390212,0.0950556718478422,0.00145483676194614
0.990993422659004,0.00898104741943721,2.55299215583619e-05
0.85261379577085,0.144785955450823,0.00260024877832694
0.83454543840488,0.162518172780996,0.00293638881412379
0.897862020801183,0.0957198927058006,0.00641808649301611
0.934617907074779,0.0627712906171004,0.00261080230812078
0.924001250016053,0.0731458017465365,0.00285294823741018
0.83271969446802,0.161781212131033,0.00549909340094667
0.860313922760952,0.133899725956306,0.0057863512827422
0.97557190319924,0.0241488200220667,0.000279276778693717
0.921508395425973,0.0749243403128887,0.0035672642611381
0.534444282895971,0.271740085477415,0.193815631626614
0.297398636621307,0.327249325322287,0.375352038056406
0.10816959704412,0.246169292455966,0.645661110499914
0.0282467668372842,0.128572995290727,0.843180237871989
0.000136306801647907,0.0104681039047306,0.989395589293621
0.898942776472101,0.0936024705116654,0.00745475301623377
0.67371735102116,0.220953891208221,0.105328757770619
0.665607798320347,0.237158182855637,0.097234018824016
0.22679421217546,0.314869216437684,0.458336571386856
0.169240636139481,0.323346422739024,0.507412941121496
0.0771248246177195,0.295362050434412,0.627513124947869
0.14729209786809,0.531698586307629,0.321009315824281
0.228794613560993,0.317885414629354,0.453319971809653
0.430354345264602,0.432380461231559,0.137265193503838
0.773620882786137,0.178788032841409,0.0475910843724545
0.824833038968063,0.148764572422381,0.0264023886095557
0.763970287426582,0.227714398193402,0.00831531438001601
0.99812269446345,0.00187643799338968,8.67543159891874e-07
0.869795223714156,0.117079443909868,0.0131253323759756
0.736139574525687,0.211672421617423,0.0521880038568902
0.426009336785859,0.382109243491413,0.191881419722729
0.769608446415549,0.182922353208631,0.0474692003758198
0.893444429355037,0.100530030198934,0.00602554044602858
0.953780973198496,0.0452204517182257,0.000998575083278846
0.977725328713483,0.0219529507418328,0.000321720544684452
0.975701308958462,0.023919843971442,0.000378847070096586
0.935967908804672,0.0623642872424699,0.00166780395285878
0.981593651079696,0.0182347612553195,0.000171587664984281
0.972666415332605,0.0270353481006473,0.000298236566747843
0.994621568396085,0.00536951045977229,8.92114414308805e-06
0.997789962349358,0.00220878989858241,1.24775206001575e-06
0.814014387369522,0.160189431550461,0.0257961810800171
0.838734000009451,0.140941533964177,0.0203244660263715
0.883803315981488,0.10948366744641,0.00671301657210171
0.855385936404675,0.139773642581244,0.00484042101408162
0.930938106637711,0.0683277488104586,0.000734144551830707
0.873390343060802,0.126338010463156,0.000271646476042565
0.863027518056818,0.13318965698191,0.0037828249612717
0.924763439496763,0.0745013653957214,0.000735195107515232
0.890599675397705,0.108861104661213,0.00053921994108172
0.745329162800319,0.20169257990482,0.0529782572948613
0.740364820330706,0.202074339079359,0.0575608405899348
0.669036342640572,0.260111552963637,0.0708521043957911
0.554658416877501,0.350019973667954,0.0953216094545442
0.359073667896177,0.525329930322752,0.115596401781071
0.317868704654826,0.566455615883988,0.115675679461187
0.33980854390502,0.615860335779212,0.0443311203157678
0.209106109237319,0.756942040970363,0.0339518497923183
0.000805718259232815,0.571917549205319,0.427276732535448
0.0739631304624266,0.894163470596579,0.0318733989409947
0.712604895404689,0.239308529446149,0.0480865751491624
0.998264869508602,0.00173358629241902,1.54419897846618e-06
0.704637410241349,0.227638185956771,0.0677244038018797
0.718538998783725,0.259905077951196,0.0215559232650797
0.70251384967191,0.236344792834878,0.0611413574932122
0.658128751408196,0.271622116443819,0.0702491321479847
0.594328748541953,0.335323333861308,0.0703479175967395
0.577427862844986,0.355833812265317,0.0667383248896973
0.543818015046243,0.416327444969099,0.0398545399846588
0.608119429310294,0.387796284320275,0.00408428636943109
0.726253290077481,0.24599304125876,0.0277536686637594
0.717076222632913,0.18974249409078,0.0931812832763068
0.993881064956169,0.00609968626893204,1.92487748985623e-05
0.734485796220872,0.17807220950281,0.0874419942763185
0.892278726153759,0.0974780617079313,0.0102432121383099
0.981622802338096,0.0181978668879942,0.000179330773909896
0.79077405353178,0.126377631520519,0.0828483149477016
0.544186704060638,0.221484924071945,0.234328371867417
0.563269932446805,0.215739970156919,0.220990097396277
0.580087805637818,0.254048569737206,0.165863624624976
0.802126033758501,0.162586608070773,0.0352873581707257
0.869220981355565,0.115523940139748,0.0152550785046876
0.860322407241129,0.130607154592393,0.00907043816647898
0.985396558527653,0.014493200231956,0.000110241240391252
0.729256219101265,0.267132540710468,0.00361124018826783
0.317944951611121,0.340955704670205,0.341099343718673
0.118133800945684,0.286402901304032,0.595463297750285
0.718593620277682,0.190218834816795,0.0911875449055228
0.928865536320638,0.0662066718112442,0.00492779186811803
0.969168069935578,0.0301224566132134,0.000709473451209153
0.954126142546053,0.0447590857350711,0.00111477171887627
0.968745927787088,0.0306303513941611,0.000623720818750769
0.962862942495256,0.0364488979597337,0.000688159545009783
0.917958412301792,0.0759640081615627,0.00607757953664544
0.475426399195192,0.296395679021966,0.228177921782842
0.875698737285321,0.115666633690938,0.00863462902374121
0.948086485926387,0.0502444982059972,0.00166901586761556
0.965832382870485,0.0335919117569427,0.000575705372572243
0.976485039580152,0.0233426067265621,0.000172353693286491
0.979418938905046,0.0204532455583299,0.000127815536624486
0.98412915036258,0.0157898803511969,8.0969286223448e-05
0.988000895759113,0.0119583930210393,4.07112198482049e-05
0.98421375054545,0.0157636193532425,2.26301013072758e-05
0.99205443360872,0.00793676354719644,8.80284408406371e-06
0.9941379718522,0.00585298297024789,9.0451775519191e-06
0.984154138144975,0.0157464755755206,9.93862795048689e-05
0.964587790923793,0.034940710498545,0.000471498577662279
0.985597371669094,0.0143277206050119,7.49077258942651e-05
0.998895315091754,0.00110438199916434,3.02909081719546e-07
0.999952751688911,4.72479272583018e-05,3.83830447502252e-10
0.926872086907314,0.0705237720895869,0.00260414100309918
0.916009515472598,0.0796026970867483,0.004387787440654
0.916744733863931,0.0794142683924785,0.00384099774359029
0.774446874733742,0.211047598825435,0.0145055264408232
0.768411544152933,0.223164799211622,0.00842365663544522
0.926720265758446,0.0702319049610233,0.00304782928053074
0.626806922091627,0.284285266251918,0.088907811656455
0.955400806748705,0.0437148291438508,0.000884364107444287
0.962400742558013,0.0369090087036752,0.000690248738311309
0.981849071512795,0.0180256390757879,0.000125289411416703
0.992416412109701,0.00756468992993802,1.88979603607477e-05
0.654901049279523,0.207768757500627,0.137330193219851
0.677450779831048,0.145493679100004,0.177055541068947
0.682762981759362,0.14881505961602,0.168421958624618
0.721258564659395,0.14839051076295,0.130350924577655
0.753578767520017,0.131974875337639,0.114446357142344
0.758562956650704,0.127936028704802,0.113501014644493
0.749473777959342,0.13415920949528,0.116367012545377
0.713160586980903,0.153847796711359,0.132991616307738
0.717568611773921,0.142648457856472,0.139782930369608
0.705696868237533,0.149766450409048,0.144536681353419
0.647543567809461,0.174774803459166,0.177681628731373
0.586466760851075,0.199127963985399,0.214405275163526
0.494469011442195,0.21091852561042,0.294612462947385
0.475044793822965,0.203396567485465,0.32155863869157
0.489680306513823,0.201832082037884,0.308487611448293
0.545492675545151,0.237908372356565,0.216598952098284
0.526688643544632,0.25333336182869,0.219977994626678
0.505870259680659,0.271880907681174,0.222248832638167
0.524235320239335,0.290994530559405,0.184770149201259
0.811987169599374,0.178525671074,0.00948715932662614
0.871918005409493,0.122673455901912,0.00540853868859523
0.524235320239335,0.290994530559405,0.184770149201259
0.383164609036248,0.455419280919989,0.161416110043764
0.275444888530263,0.360857487649029,0.363697623820708
0.00558135241200255,0.0829747681595279,0.911443879428469
0.000647701836478072,0.0223436210034095,0.977008677160112
0.016638661243898,0.97298409834437,0.0103772404117317
0.743991874284003,0.215420209803861,0.0405879159121359
0.853482376848747,0.12977401997162,0.0167436031796328
0.464378359933574,0.225424745055118,0.310196895011307
0.348155100933397,0.280332740568616,0.371512158497986
0.162341562270315,0.25773814062858,0.579920297101106
0.274140234101826,0.301872611028164,0.42398715487001
0.298749666161189,0.285741967602924,0.415508366235887
0.266148169754298,0.288564694583473,0.44528713566223
0.603248732554781,0.249102019007607,0.147649248437612
0.535679072935868,0.256647439686454,0.207673487377678
0.488515104261088,0.287516671890009,0.223968223848902
0.632210997835671,0.240826149364197,0.126962852800132
0.591604032258057,0.262202111074911,0.146193856667032
0.493564512924876,0.311820081214714,0.19461540586041
0.935421544894213,0.0611488111017698,0.00342964400401685
0.969667658778811,0.029396991653651,0.000935349567537933
0.975050610191423,0.0244006661518517,0.000548723656724944
0.0166139834525988,0.125423481327015,0.857962535220386
0.00156349943499362,0.0322550069169314,0.966181493648075
0.844233318078657,0.139378063783581,0.0163886181377619
0.857868097453012,0.133380801611925,0.00875110093506276
0.958229916432789,0.0407492048082024,0.00102087875900818
0.697062642760678,0.17741349211452,0.125523865124802
0.599316327284264,0.242574637949861,0.158109034765875
0.534867158647883,0.282213602189113,0.182919239163004
0.221211760131063,0.377768492387017,0.40101974748192
0.712612572195521,0.176426283564514,0.110961144239965
0.680506505179044,0.205183564639202,0.114309930181754
0.56912902599951,0.271354736544981,0.159516237455509
0.273098366250388,0.372047834792071,0.354853798957541
0.827944669740617,0.143834509523636,0.0282208207357464
0.698178352394266,0.212912882414122,0.0889087651916117
0.530703019048135,0.258981550226474,0.210315430725392
0.526225016656029,0.265647365153671,0.2081276181903
0.219928090321217,0.353455529402167,0.426616380276616
0.00874623796093982,0.0717777855317129,0.919475976507347
0.00864995812901035,0.0704072039858484,0.920942837885141
0.00492862759565323,0.0833103000942518,0.911761072310095
0.00841251857834396,0.159808036423704,0.831779444997952
0.00148243731450592,0.169170779712733,0.829346782972762
0.0455242611252425,0.232571439177293,0.721904299697464
5.97857919300961e-05,0.00657998118537364,0.993360233022696
0.392032680112895,0.404838767686966,0.203128552200139
0.861192578794912,0.123055834476355,0.0157515867287325
0.718823509283307,0.18087038533296,0.100306105383733
0.893582465410721,0.0960244668670325,0.010393067722246
0.866526651645148,0.114695768378864,0.018777579975988
0.908702537398992,0.0826755751306237,0.00862188747038451
0.973437748270846,0.0261782150670527,0.000384036662101424
0.79582649967677,0.154882879742641,0.0492906205805891
0.845209834635087,0.12691086924241,0.0278792961225032
0.947721454739184,0.0500843069432197,0.00219423831759605
0.964720319223197,0.0342423284292606,0.00103735234754257
0.975144462930725,0.024481759415556,0.000373777653718923
0.982576135352114,0.0172948184987115,0.000129046149174309
0.987995360026908,0.0119573649420688,4.72750310230658e-05
0.993410608913926,0.00657617722958348,1.32138564903419e-05
0.994322961637488,0.00566739897987243,9.63938263931904e-06
0.0953203049704898,0.17045241919806,0.734227275831451
0.49624975464597,0.201530610569497,0.302219634784534
0.425377744884765,0.209549753273412,0.365072501841823
0.280888295855262,0.222760166613983,0.496351537530755
0.139396218195882,0.176706043036118,0.683897738767999
0.0939644955781854,0.120069130313631,0.785966374108183
0.0898587608626825,0.118931395575059,0.791209843562258
0.0943120007037985,0.169925891033363,0.735762108262839
0.0793548903970137,0.179713946246999,0.740931163355987
0.0695523147510345,0.189556682678341,0.740891002570625
0.0420949305625805,0.218087476117043,0.739817593320377
0.0406572764942711,0.633133198621032,0.326209524884697
0.0350673569857609,0.741654950479719,0.22327769253452
0.0179746142023882,0.928719660427007,0.0533057253706043
0.0252529386458994,0.890880767860567,0.0838662934935334
0.012279480408753,0.129429964593513,0.858290554997734
0.00592818132500948,0.270274450273098,0.723797368401893
0.000486781260206434,0.255913844179196,0.743599374560598
0.0976154485344899,0.441837490318728,0.460547061146782
0.13891361264636,0.72734465363387,0.13374173371977
0.509739066299065,0.195554128696668,0.294706805004267
0.588950387821284,0.161538470558746,0.24951114161997
0.541699076276737,0.139176780936518,0.319124142786744
0.541699076276737,0.139176780936518,0.319124142786744
0.566401767571688,0.202016234999062,0.23158199742925
0.428961002003783,0.302076969329888,0.268962028666329
0.44238511488281,0.197263111113097,0.360351774004094
0.690117927563136,0.171568434907569,0.138313637529295
0.775562771629607,0.149812089367144,0.0746251390032487
0.764805673478949,0.170475152635203,0.0647191738858482
0.410615001598809,0.189366335056073,0.400018663345118
0.365920389710046,0.16961274471012,0.464466865579835
0.345054019524134,0.178625583687156,0.476320396788711
0.22023006154649,0.29007544027061,0.4896944981829
0.825949549564598,0.158721608657968,0.015328841777434
0.852306401849189,0.145817343821426,0.00187625432938458
0.824117674403935,0.174256811961775,0.00162551363429073
0.796379360715829,0.202947280302135,0.000673358982035834
0.0818830638525808,0.196179057833126,0.721937878314293
0.000325583007490185,0.0158850787783641,0.983789338214146
0.253462681303758,0.225349654703382,0.52118766399286
0.0271932610077136,0.941332657231471,0.0314740817608155
0.661325581005423,0.205431605200045,0.133242813794533
0.931804446009023,0.0652607844320846,0.00293476955889271
0.923002312849157,0.073700345593963,0.00329734155687972
0.88228809374079,0.113180666980516,0.00453123927869436
0.773969017412579,0.224695864143057,0.00133511844436375
0.128684245340348,0.868926543556141,0.00238921110351055
0.0629950126114386,0.934228446749578,0.00277654063898388
0.866456265410631,0.132757031656295,0.000786702933073758
0.784468509661235,0.21550913872866,2.23516101045501e-05
0.845069204172023,0.14522368188353,0.00970711394444648
0.988121420121612,0.0118168383947079,6.17414836805315e-05
0.996156989037031,0.00383798950679194,5.02145617734708e-06
0.99737294600698,0.00262503279478569,2.02119823454373e-06
0.743764491433097,0.255717759532057,0.000517749034846343
0.976965649628064,0.0228070330978546,0.00022731727408119
0.979447868436855,0.0204699910493803,8.21405137649938e-05
0.9879005682973,0.0120523131173267,4.71185853728466e-05
0.924812977792687,0.0746984952950697,0.000488526912243354
0.97683444598912,0.0229467064161429,0.000218847594736746
0.661689472064179,0.149838271448324,0.188472256487497
0.683912434003646,0.140544297645214,0.17554326835114
0.687266980247879,0.143800589060475,0.168932430691646
0.666211434051017,0.186779946370157,0.147008619578826
0.700496382963949,0.173733233104296,0.125770383931754
0.685983601176163,0.178791458019882,0.135224940803955
0.674304859143669,0.147514346262744,0.178180794593587
0.703772415037587,0.124151618589227,0.172075966373187
0.697559017792806,0.126331100096121,0.176109882111073
0.653563043435071,0.154094654559495,0.192342302005434
0.645462363546471,0.180287668354877,0.174249968098652
0.684499342997371,0.220545919714841,0.0949547372877879
0.897456316224957,0.0927513625291967,0.00979232124584679
0.951949826061727,0.045603748525879,0.00244642541239438
0.972410045344748,0.026886545522536,0.000703409132716554
0.972410045344748,0.026886545522536,0.000703409132716554
0.864827514426123,0.130598171011512,0.0045743145623654
0.865742804356848,0.130959223099776,0.00329797254337654
0.790053160560834,0.2057001997455,0.0042466396936657
0.394145585272112,0.583632596024037,0.0222218187038508
0.125854659498644,0.79514784753324,0.0789974929681159
0.0159426636928948,0.750590437558405,0.2334668987487
0.979896942600633,0.0200038393508613,9.9218048506029e-05
0.24682740228157,0.722256207749196,0.0309163899692345
0.821815588480849,0.169133065397162,0.00905134612198891
0.00148496536683937,0.99830295404594,0.000212080587220471
0.979256538083582,0.0205596798914135,0.000183782025004019
0.989093781333811,0.0108473161202504,5.89025459381636e-05
0.977748253076782,0.0220617998683263,0.000189947054892048
0.98684732123129,0.0130721154462683,8.05633224417064e-05
0.926236445248146,0.0704588290093694,0.00330472574248457
0.76381090989293,0.214439665574128,0.0217494245329417
0.773644695754951,0.211480086464291,0.0148752177807581
0.910736512396023,0.0853084547968441,0.00395503280713293
0.493653508492978,0.4758207695318,0.0305257219752223
0.341063934029376,0.620310084560558,0.0386259814100653
0.934352596675264,0.0639069618766605,0.00174044144807595
0.974231532631906,0.0254669966795173,0.000301470688576349
0.835871964008032,0.160835140340217,0.00329289565175034
0.888034870239803,0.102911243840714,0.00905388591948269
0.115978528522484,0.253188951916131,0.630832519561385
0.489174856242834,0.278068816971281,0.232756326785885
0.0350162198682499,0.146081875217486,0.818901904914265
0.923225157217272,0.0719943364343782,0.00478050634834999
0.456511599682405,0.239189851185601,0.304298549131995
0.753231286762215,0.177390782400733,0.0693779308370518
0.963018067450766,0.0361107964278965,0.000871136121338016
0.992347677956071,0.0076252008556717,2.71211882576824e-05
0.995798250560731,0.00419610831670481,5.64112256448604e-06
0.986298809970352,0.0135968654119302,0.000104324617717677
0.536952152094014,0.215366345886817,0.24768150201917
0.831148197491532,0.148725875810188,0.0201259266982805
0.904509863582292,0.0897003811666694,0.00578975525103842
0.942212787061686,0.0564623307859455,0.00132488215236871
0.917126646736501,0.0817078811317882,0.00116547213171135
0.96472985602869,0.0348039654078988,0.000466178563411048
0.961201841326071,0.0382201964299114,0.00057796224401781
0.990603951176084,0.0093511438435138,4.49049804024299e-05
0.997752883465012,0.00224577330780839,1.34322717925443e-06
0.991935303911843,0.00803069793443794,3.39981537188921e-05
0.552450226438613,0.434085030521329,0.0134647430400578
0.977774125804299,0.0220119694289755,0.000213904766725229
0.942608383811737,0.0569224911708932,0.000469125017369979
0.910117531877151,0.0895959220436844,0.000286546079165042
0.742077178452197,0.219621562688588,0.0383012588592153
0.617228539152631,0.320839204895166,0.061932255952203
0.647570561903134,0.31846160822116,0.0339678298757052
0.571808592468899,0.412958697913208,0.0152327096178935
0.579494620114162,0.411269238179485,0.0092361417063533
0.0314638859150925,0.966243035069883,0.00229307901502484
0.685930493581552,0.295594183342575,0.018475323075873
0.728237393121227,0.264349879966378,0.0074127269123947
0.712391242616225,0.186369811226657,0.101238946157117
0.863229022792036,0.106698571143368,0.0300724060645967
0.884092672927721,0.0915022123151237,0.0244051147571553
0.913691409542605,0.0732762202741375,0.0130323701832575
0.92310755380665,0.0677042200924215,0.00918822610092871
0.941362504200344,0.0559800455446514,0.00265745025500453
0.945639755431739,0.0522873518736175,0.00207289269464363
0.958682238953247,0.0403892185853116,0.000928542461441098
0.94747976675049,0.0509005965325119,0.00161963671699829
0.883475048176729,0.103971584302059,0.0125533675212122
0.940781585208003,0.0566573301911658,0.00256108460083117
0.612962066492795,0.188773686887688,0.198264246619518
0.572121089422112,0.187322580794803,0.240556329783085
0.512644115091439,0.209011631074053,0.278344253834508
0.000630786153178907,0.0242637849090289,0.975105428937792
0.927484054667316,0.0681247964861367,0.00439114884654759
0.921791282912071,0.0732918339763266,0.00491688311160275
0.988557713630875,0.0113791877556977,6.30986134273429e-05
0.717826308238097,0.165233875496942,0.116939816264961
0.720250458710252,0.164972796484424,0.114776744805324
0.719907400617056,0.193186789064873,0.0869058103180709
0.785677215062561,0.169515230464656,0.0448075544727829
0.846440603960716,0.136661736415846,0.0168976596234387
0.951794203226871,0.0466703100683599,0.00153548670476909
0.949213424438806,0.0491156140483554,0.00167096151283856
0.920344897504063,0.0765167836295148,0.00313831886642222
0.938170043674358,0.0604643639862608,0.00136559233938117
0.886783155493054,0.111643195438582,0.00157364906836382
0.769077621095675,0.210515466844623,0.0204069120597023
0.76873571124314,0.218487723790034,0.012776564966826
0.945451356190896,0.0529595653037709,0.00158907850533352
0.890245678413129,0.105552938985932,0.00420138260093844
0.98972501975309,0.0102318667010304,4.3113545879242e-05
0.912811590973893,0.0845161069435505,0.00267230208255644
0.960749208582191,0.0390886435920209,0.000162147825788489
0.910742577688785,0.0892045097713845,5.29125398302605e-05
0.845871560869086,0.152578875610311,0.0015495635206024
0.920754951199821,0.0745978062230541,0.00464724257712484
0.949333034046667,0.0487936246713281,0.00187334128200512
0.985851918771489,0.0140632860230458,8.47952054654119e-05
0.993099520532613,0.00688091274867305,1.95667187138634e-05
0.824832230987783,0.154305222981593,0.0208625460306248
0.922461768618301,0.0735197180303585,0.00401851335134082
0.946801287015814,0.0514261169874952,0.0017725959966908
0.911005675310358,0.0859116389718243,0.00308268571781777
0.943969205330533,0.0547983343517014,0.00123246031776538
0.802163662166475,0.197217084703633,0.000619253129892395
0.981886379426485,0.0179710327554905,0.00014258781802428
0.962475249458732,0.0369445057764621,0.000580244764805972
0.977366915527924,0.0224196016486421,0.000213482823434441
0.977659490448004,0.022132916772788,0.000207592779207931
0.7150844128376,0.257013455328393,0.0279021318340065
0.997260703547166,0.00273593263789475,3.36381493934549e-06
0.591418408885159,0.371622645074383,0.0369589460404586
0.757467803686929,0.161861074021635,0.0806711222914357
0.800686137988977,0.136087290691586,0.0632265713194371
0.823947577314703,0.130377109112283,0.045675313573014
0.9029400762952,0.0900572949185018,0.00700262878629807
0.973698158038957,0.0259808326894685,0.000321009271573972
0.986553564989447,0.0133814757588741,6.49592516786729e-05
0.991368403954842,0.00860625036058503,2.53456845729951e-05
0.992660647103752,0.00732097448634232,1.83784099060752e-05
0.991186140403458,0.00878901672526973,2.48428712726112e-05
0.987404486677137,0.0125410787401122,5.44345827511518e-05
0.971268156557533,0.0283896718635875,0.000342171578879919
0.97527877470736,0.0245100785986568,0.000211146693983404
0.984561969738868,0.0153499008709928,8.81293901393503e-05
0.993685591667571,0.00630129438765977,1.31139447689138e-05
0.882461056357802,0.105135961831514,0.0124029818106843
0.955385197939823,0.0432959711719623,0.00131883088821517
0.990289704561483,0.00966890274959685,4.13926889202267e-05
0.452297742037271,0.240405585254573,0.307296672708156
0.694324008019464,0.193160640745508,0.112515351235027
0.747148664726567,0.198351158270082,0.0545001770033513
0.685405662207459,0.275869919422665,0.038724418369876
0.707017041200099,0.275769753541993,0.0172132052579078
0.742462339669229,0.229856762740494,0.0276808975902768
0.73771794989256,0.17410580329296,0.0881762468144798
0.787500259224141,0.160385969414016,0.0521137713618438
0.745607422690745,0.228126096626525,0.0262664806827297
0.25695427015221,0.21142630923486,0.53161942061293
0.191722407109636,0.186753733588671,0.621523859301693
0.000400780213861003,0.324094470870645,0.675504748915494
0.186250014849544,0.610113205781813,0.203636779368643
0.55764689885148,0.224833274921154,0.217519826227365
0.603725390899733,0.20973165760155,0.186542951498717
0.627936756131216,0.207948822828342,0.164114421040442
0.851256747410863,0.124802240908279,0.0239410116808581
0.936460429080598,0.057959515658622,0.00558005526077982
0.95282429037484,0.0437183882682264,0.00345732135693317
0.936189323123046,0.060036359622615,0.00377431725433884
0.935323380712288,0.0615692545212614,0.00310736476645058
0.736569184095367,0.181918664947613,0.0815121509570203
0.8217747193637,0.14363813531215,0.0345871453241503
0.447806463757219,0.206645313462255,0.345548222780526
0.410896499106416,0.21436107334316,0.374742427550424
0.246488432683771,0.211941367841311,0.541570199474918
0.20421715778207,0.20608578247001,0.589697059747921
0.00167293604757943,0.0401841902053464,0.958142873747074
0.00113145688213418,0.0315995571112682,0.967268986006598
2.3794955794032e-05,0.00629495063666167,0.993681254407544
2.32155714461474e-05,0.00623765413715837,0.993739130291395
4.22082623747362e-06,0.00261519345205808,0.997380585721704
7.62241211198997e-07,0.00122485804890136,0.998774379709887
1.01008436977894e-06,0.00132542784757369,0.998673562068057
1.98813215347641e-07,0.000620949322974552,0.99937885186381
2.2998276105267e-07,0.000662173584805473,0.999337596432434
4.75080997412888e-07,0.000918326171877471,0.999081198747125
3.36777564742167e-08,0.000254770799402842,0.999745195522841
1.65052571990092e-07,0.000542134846479407,0.999457700100949
1.39559188428931e-05,0.0044056145810913,0.995580429500066
1.20769913856714e-08,0.000150449801391413,0.999849538121617
0.000316786682607069,0.0184435144094559,0.981239698907937
0.00413375790394321,0.0883651930161225,0.907501049079934
9.66342251259086e-06,0.00367202014723773,0.99631831643025
0.000699660829301713,0.0382098340244291,0.961090505146269
3.63615802167774e-06,0.00213194577382725,0.997864418068151
3.67517075197751e-06,0.00260460164551855,0.997391723183729
1.86918268317531e-06,0.00172349194502877,0.998274638872288
1.05298792702665e-05,0.0040423581292522,0.995947111991478
3.48906105487897e-06,0.00222987610068666,0.997766634838258
2.40282110797622e-05,0.00554449369786392,0.994431478091056
3.13612879004397e-05,0.006455640336546,0.993512998375553
1.19651102797261e-05,0.00389499714934266,0.996093037740378
0.000162732583841606,0.0138635387838305,0.985973728632328
1.6425344088339e-06,0.0015193401622916,0.9984790173033
0.000180875971218118,0.0147573933867054,0.985061730642077
3.47515997739526e-05,0.00637351436443786,0.993591734035788
1.66715823531428e-05,0.00458121638305478,0.995402112034592
5.03704538844142e-05,0.00866995543018142,0.991279674115934
2.47673859501627e-05,0.00521370237610719,0.994761530237943
5.16008534387859e-05,0.00803433987221987,0.991914059274341
5.99116661579366e-07,0.000981161284068957,0.999018239599269
9.48914527999209e-05,0.0104437364273698,0.98946137211983
0.000367669950740263,0.0256270636617393,0.97400526638752
0.0119004898456855,0.191941841716251,0.796157668438063
0.164655721670438,0.579036269476942,0.25630800885262
0.782630469826516,0.199626646026965,0.0177428841465186
0.00433163433823616,0.183564178634759,0.812104187027005
8.84272169876199e-05,0.0108947260885181,0.989016846694494
8.60507971726822e-06,0.00367618065325209,0.996315214267031
3.05178492456212e-07,0.000736710052098853,0.999262984769409
4.11487242076172e-09,9.54117772397853e-05,0.999904584107888
3.23228321812366e-09,8.54797267845941e-05,0.999914517040932
2.91350579441553e-06,0.00211574524532807,0.997881341248878
0.00126745228966141,0.0398263390198934,0.958906208690445
9.95828752651907e-05,0.0122107776951664,0.987689639429568
1.31700018977219e-05,0.00476518095127387,0.995221649046829
4.93805880679814e-07,0.00101859015688805,0.998980916037231
1.14519292890768e-07,0.00046811084177598,0.999531774638931
5.46707087234119e-07,0.000924187250636737,0.999075266042276
4.91037726080691e-06,0.00273372287109302,0.997261366751646
8.98236298771047e-06,0.00354738828137928,0.996443629355633
3.68944826904291e-05,0.00681358905473374,0.993149516462576
2.50723521540191e-06,0.00208930458892107,0.997908188175863
4.01317694233402e-06,0.00248471849350913,0.997511268329549
2.00902793360189e-06,0.00177802275944675,0.99821996821262
4.51778970126414e-06,0.00256868434805966,0.997426797862239
0.000209179860393838,0.015164794194221,0.984626025945385
0.000164085581635642,0.0148428847788425,0.984993029639522
1.19354866671413e-05,0.00435388159402672,0.995634182919306
2.41968055059527e-06,0.00204383361594746,0.997953746703502
8.31578415904526e-07,0.001216630731643,0.998782537689941
3.05369899916467e-07,0.000754576661790283,0.99924511796831
4.53272182505148e-09,0.000100067932213299,0.999899927535065
7.69637909652539e-10,4.17371039611628e-05,0.999958262126401
6.34998729578787e-08,0.0003438365499311,0.999656099950196
5.81518045546908e-07,0.000978086725187265,0.999021331756767
3.17060165846072e-05,0.00646485431077345,0.993503439672642
1.3402704375592e-06,0.00141379627098733,0.998584863458575
8.98970309908278e-05,0.00935742494929463,0.990552678019714
6.26904444222652e-05,0.00757591393644876,0.992361395619129
9.35532556884456e-06,0.00356796857746995,0.996422676096961
1.01418269886401e-05,0.00371156099870263,0.996278297174309
8.87091121858453e-06,0.00401047461961545,0.995980654469166
1.94563710281927e-06,0.00191940926180206,0.998078645101095
2.87983385365914e-07,0.000723447155193971,0.999276264861421
2.12807896502941e-06,0.00180021408278772,0.998197657838247
1.22426498091072e-07,0.000461467735969754,0.999538409837532
5.5900357410172e-06,0.00286919254919462,0.997125217415064
1.44296109384441e-05,0.00441374796306418,0.995571822425997
4.56897947203124e-05,0.00783915422628066,0.992115155978999
4.75809558411767e-06,0.0026165828724779,0.997378659031938
5.21933319630950e-09,0.000104483070547869,0.999895511710119
0.000471099780706655,0.0224675737628692,0.977061326456424
0.000876199945567919,0.0296645440304979,0.969459256023934
0.000662960608478297,0.0252607182449341,0.974076321146588
1.13953475678333e-06,0.00124030916298989,0.998758551302253
0.000143085321401736,0.011598119064825,0.988258795613773
0.0878360715424914,0.160108161277343,0.752055767180165
0.354383742038928,0.221041366149449,0.424574891811623
0.314895461073199,0.154408959932372,0.530695578994429
0.310436367385335,0.147905506478488,0.541658126136177
0.327416286107682,0.165738728435802,0.506844985456516
0.380070693002859,0.196872566650296,0.423056740346845
0.348812255222273,0.191354264401717,0.45983348037601
0.321930703890471,0.244247172769677,0.433822123339852
0.419921976547359,0.302761075760465,0.277316947692176
0.666119551838389,0.215599979650997,0.118280468510614
0.95221233856471,0.0460265169499554,0.00176114448533464
0.0148996660171704,0.0722291625106365,0.912871171472193
0.00868488043896494,0.0491259916474274,0.942189127913608
0.008967515043412,0.0575171365735025,0.933515348383085
0.000196958368027312,0.227481183128484,0.772321858503489
0.0143653175518381,0.0719207895524716,0.91371389289569
0.375596312690637,0.281076266007053,0.343327421302309
0.450193277253262,0.230548748886323,0.319257973860415
0.251057764762528,0.217599223113049,0.531343012124423
0.0166804083915097,0.290880208794814,0.692439382813676
0.329852161372841,0.196531116145393,0.473616722481766
0.321175442056613,0.195236841046362,0.483587716897025
0.247789667845085,0.289377730072547,0.462832602082368
